0hXW5RxTdvIu83FfF4BqbT:-0.06627741 0.03224115 0.020480963999999997 -0.22326089999999998 -0.24725160000000002 -0.24454373 0.09587208 -0.046794046 -0.28409225
0irUZixvIPEVoRzZ8ytIMk:-0.1039875 0.070833914 -0.0068278587 -0.30139762 -0.2524746 -0.23705947 0.13222969 -0.049123402999999996 -0.30334294
0sV6qWPWNlSQL2e1AutU5v:-0.031566914 0.08677661 -0.019808395 -0.26189470000000004 -0.2519846 -0.17425779 0.12033381 0.004699217 -0.2598511
16Qx7DKB6j0Hl6ggZVtgio:-0.05173023 0.071321405 0.016183756 -0.25907975 -0.24543393 -0.21991038 0.08505739 -0.060026012000000004 -0.27719720000000003
16TPgokzpXVqd6jMrCT5Y7:-0.09964956 0.04961264 0.014981649 -0.20824964 -0.26677963 -0.20200172 0.084072225 -0.07749886 -0.24429594
1MVCckmzayBYPHbkhucIyJ:-0.10346298 0.07193885 -0.018354604 -0.23836465 -0.26777756 -0.25536662 0.06038651 0.004464852 -0.23404834
1U0jzsHFxXoUSD1Agp1Rik:-0.100724176 0.055045795 -0.04217539 -0.28863996 -0.26493534 -0.18664712 0.04058406 0.01604878 -0.23217484
2IAXTurnIuAt0XkGKxlP18:-0.083260864 0.011478114 -0.05635437 -0.24172363 -0.26517993 -0.22304901 0.053329457000000004 -0.022361752000000002 -0.25381170000000003
2NpkhJOv0JnI4wwmpwIPhM:-0.028351063 0.035618662999999995 0.016844725 -0.26726645 -0.24767613 -0.24293196 0.08077892 -0.040732756 -0.27717054
2OlcRQzDC8eCemfNvbsgk1:-0.041176595 0.043495665999999995 -0.010581206499999999 -0.29222570000000003 -0.23414695 -0.23226349 0.11208953 -0.03064752 -0.242098
2P8jwVp8J5ZSfABWbQcS3F:-0.0569641 0.09898093 -0.018450664 -0.23487218 -0.2913167 -0.12975787 0.112242065 -0.038197782 -0.22946234
2fVYTMe6PcU3SOhPGZa5s7:-0.19173265 0.07609060000000001 -0.035132053999999996 -0.24700043 -0.30158379999999996 -0.17362446 0.079647735 -0.029038575 -0.35959926
33oeUv0zS6I2I1JJpIkb11:-0.03832677 0.022208622 -0.032514315 -0.24525948 -0.25261799 -0.21169811 0.10958949999999999 -0.053258557000000005 -0.20292895
3F3JtxZfpdkiPSBQIHohRf:-0.07601623 0.08613104 -0.018330788 -0.25882328 -0.21767728 -0.15561019 0.04330655 -0.0482026 -0.30027997
3Jay9t9IkmXwDpxJNpBEiZ:-0.0917292 0.075600356 -0.06814995 -0.25355639999999996 -0.22148143 -0.17407712 0.08062804 -0.012134883 -0.2921565
3PBly0r4KZNqPCpiXnK8RX:-0.02621049 0.03413947 -0.06612057 -0.22702493 -0.2840768 -0.20507026 0.054535784000000004 -0.037299547 -0.2531212
3k6pfg8MzcUzAcrC9XQDmw:-0.18624641 0.03937536 -0.036757097 -0.31237417 -0.33619812 -0.15456274 0.085942805 0.012594013999999999 -0.38520740000000003
4cYcSxWd1ryaxKAW4o8H9W:-0.083873086 0.04659992 -0.012407028 -0.2514476 -0.22518896 -0.21603133 0.11561256 -0.056399606 -0.21841918
505X13lc9zufVvKKeZ7Ow9:-0.03399573 0.050957706 -0.053570107 -0.23477791 -0.23762800000000003 -0.22862203 0.062271133 -0.0035299946999999996 -0.2796143
5BFcpP6fwGthn2TDBouNOf:-0.03757276 0.068179294 -0.03778042 -0.19849756 -0.24136323 -0.1999697 0.081623815 -0.05737941 -0.22762722
5wHVS0K88u2xiyIdGEbPFZ:-0.056234825 0.07886919 0.02310556 -0.23183320000000004 -0.19918673 -0.21553548 0.075504 -0.06516639 -0.2718592
60XWBZaVzn6kEdXnXzVa2c:-0.08257247 0.058890067000000004 -0.051376075 -0.28055617 -0.21786281 -0.14294767 0.1256136 0.005119357299999999 -0.2635847
67j7ldRz3CqRFLEq18mXbN:-0.02643285 0.06703899 -0.007456273 -0.2792934 -0.23825496 -0.20219742 0.109375276 -0.07333288 -0.24019077
6hDxA5GTpRBpAFURXV03a8:-0.06526559 0.03335886 0.030521445 -0.23522929999999997 -0.29611823 -0.21625787 0.13852888 -0.014118651000000001 -0.22834039
72zJ48MASMlmfjsMULEqZ6:-0.03536069 0.12112864 0.005915396 -0.21554796 -0.22490864 -0.23025067 0.11734942 -0.016144058 -0.28216255
77Upinp1pELYftwwTgYlqU:-0.07017937 0.07510755 0.02019133 -0.23360370000000003 -0.27308345 -0.14960961 0.122319266 -0.06914931 -0.21712524
79IkguXyAOgBbgQf6ea6d1:-0.08532382 0.040774334 0.0039202864 -0.24904473 -0.23724267 -0.16863286 0.080853485 -0.0736737 -0.27522308
7fAhwIX8dBLJF2AaPE2Gu6:-0.22368263 0.06547311 -0.039061992999999996 -0.24408945 -0.25517955 -0.17128554 0.12479194 0.017521791000000002 -0.38982666
7gHBbKf2YVTf2yWgIbb7d0:-0.104250416 0.062025387 -0.003753655 -0.23202321 -0.2634788 -0.17176653 0.055019554000000005 -0.07157905 -0.28227308
