02ZdHzQYwLnM1vBRlCss2P:0.02151446 -0.119582795 -0.14454761 -0.25364447 -0.1256003 -0.16210373 0.31511956 -0.22201027 -0.29138762
0Brxl4f9FLFWRcx0nSeY3y:-0.029171522999999998 -0.15815204 -0.125503 -0.15827198 -0.13227528 -0.21384682 0.3054126 -0.2504248 -0.33667073
0Hu9PoVO4bAllNzVfsUFSa:-0.05691702 -0.11655198 -0.15214053 -0.22678164 -0.097020276 -0.20129403 0.22442955 -0.21110134 -0.3311162
0RW76dEXWsGzxlJVN4y3mb:-0.013676671999999999 -0.12123458 -0.14525336 -0.21582085 -0.15423489 -0.24443547 0.25222582 -0.25653148 -0.29870868
0RdQJH0Sbtqso96vtSdN2o:-0.025686856 -0.1312817 -0.13725063 -0.22480212 -0.12204402 -0.24775 0.25703874 -0.22285633 -0.3130144
0U8AYZXR6OT9v6SNjvsI9o:-0.026464965 -0.077073924 -0.14816086 -0.15435795 -0.20420955 -0.19752131 0.24123585 -0.21600868 -0.30171020000000004
0VV88Mpi8nzLH0Kqk0F7Io:0.030823957000000003 -0.14671658 -0.11271761 -0.24616112 -0.14806019 -0.23865762 0.23110315 -0.25453356 -0.33814827
0XzgEOaVyACrKlQlFYzf4W:0.017844152 -0.092487715 -0.16283628 -0.19433229999999999 -0.1829417 -0.17734468 0.27905154 -0.19234443 -0.33134398
0b9mgnwxe4MtKaPIYiyIXj:-0.019441576999999998 -0.12463066 -0.15443067 -0.2352885 -0.18723506 -0.20794937 0.24038420000000002 -0.15251964 -0.29449627
0tBjRGXwDtPwdfV4EY6fek:0.0074167764 -0.15456842 -0.18354954 -0.18613783 -0.13050984 -0.19159400000000001 0.25859964 -0.22340928 -0.38108248
0u5Hh9DrqjN2ZeHuXUMopJ:0.042353094 -0.10312529999999999 -0.15624432 -0.221719 -0.12490797 -0.22354179999999996 0.28088909999999995 -0.23692651 -0.2905158
0uD1rSO8yoXWpuJVJ2uEJE:0.045792766 -0.15575899 -0.14807179999999998 -0.20926711 -0.1647898 -0.22859958 0.29657540000000004 -0.22287819 -0.32762697
0xOR8kaEfKGbC1EVrrHPjE:0.013146369 -0.06877207 -0.13120627 -0.20299602 -0.14011057 -0.15543927 0.25889102 -0.21287557 -0.3590963
12JrfavjopJsjMg1dP82BP:-0.022903474 -0.08349424 -0.117677845 -0.21916014 -0.16070677 -0.18035771 0.23603345 -0.21832648 -0.32926774
14regxPJeITHrU5osu3y6s:-0.006988180300000001 -0.12979056 -0.18292296 -0.16860278 -0.13951870000000002 -0.1514317 0.31747615 -0.21742657 -0.36625440000000004
15RLX8v70vAd94IJssVyfC:-0.043291498 -0.11212585 -0.14778644 -0.21299608 -0.15588005 -0.17791174 0.27694285 -0.21521738 -0.27345452
15cw9RSNR8Lf3D7YQD5sG1:0.0333429 -0.07483956 -0.11639658 -0.24030505 -0.17762406 -0.16704552 0.29419088 -0.21379197 -0.29140395
1JF8qI5jEzDr7gCWkmaDeu:0.041631512 -0.07832613599999999 -0.11959893 -0.18911977 -0.16006865 -0.15826611 0.2948777 -0.22658241 -0.35494888
1WnGfAuJ5h9iXk07XF4GDj:0.036964357 -0.14496194 -0.17018795 -0.19278821 -0.11417413 -0.19896607 0.30001694 -0.21806842 -0.36774883
1cExaYk0YH5Mwr4xMgcEFM:-0.012056171000000001 -0.08053559 -0.089903206 -0.18313351 -0.12453447 -0.19957367 0.27800712 -0.26287076 -0.31299767
1jMKMHBCfkQxiVHJjeuNUO:-0.035898384 -0.053655792 -0.17074135 -0.28696322 -0.29850215 -0.20708972 0.2924839 -0.20895961 -0.43755233
1lYltfHOOFgoIMQmHbklPY:-0.05754186 -0.092918485 -0.11199080000000002 -0.18593696 -0.128799 -0.18326573 0.2712183 -0.2314612 -0.32323667
1orxtB5r4jG1CDx7fs7tph:0.008604213000000001 -0.12813601 -0.18545899999999998 -0.1863558 -0.12587357 -0.1928687 0.3099079 -0.26633283 -0.3058343
1q2Zm3oVsyXkRGw3VMhIMH:-0.068050735 -0.110108264 -0.14709291 -0.19510329 -0.12530373 -0.16871455 0.24692121 -0.20529935 -0.35201645
1vKttKw4CvkI9vB7en0vAY:-0.03398817 -0.12306077 -0.16125844 -0.1584817 -0.13075635 -0.20533822 0.26696047 -0.2525328 -0.31076887
1vs6eni4dlcRBrLyCPBPVq:0.013900851 -0.09371254 -0.119104244 -0.20743132 -0.13318057 -0.21124795 0.30245459999999996 -0.18180127 -0.32018676
22tvkQF5IkCQDNevGU9dFY:-0.03350064 -0.14523561 -0.1651307 -0.21220753 -0.129208 -0.17935637 0.24960044 -0.26563847 -0.30521372
25IldGhO9uJhwcBWqijAa2:-0.014469612 -0.13071686 -0.17170693 -0.21148615 -0.123912126 -0.22791325 0.29432929999999996 -0.19135058 -0.28243423
2AUOOpVng6BwBwQbbtCUKa:-0.010611513999999999 -0.121805154 -0.12974180000000002 -0.24811529 -0.13861126 -0.17391464 0.28987858 -0.21460944 -0.31020376
2HlLqBJ36kZM7iKiSTLUgw:-0.027742943 -0.09017956 -0.117248066 -0.21524274 -0.13805673 -0.1987719 0.27475279999999996 -0.18060951 -0.31462103
2KXjgUtQXHrgUUqSYiHJoU:-0.0007812545 -0.15448089 -0.1546586 -0.15616529999999998 -0.17671365 -0.20362692 0.26063895 -0.24039447 -0.35309404
2Qhu6ouIsQfjK6Ha709G1s:-0.01201841 -0.07936056 -0.15269661 -0.19024362 -0.1840124 -0.20762666 0.2781445 -0.13987879999999997 -0.28846890000000003
2WMs9m38VOjHYefA50ga0i:0.0076414740000000005 -0.15899049 -0.18027808 -0.25113523 -0.16714148 -0.19544354 0.25686124 -0.21791507 -0.2937013
2cRczXf8c4pR2n81It9XtE:-0.025353567999999996 -0.07910248 -0.17854306 -0.20413692 -0.12848525 -0.1368311 0.22601417 -0.21591601 -0.3584007
2f9mCb0ir6s93RyfzdkgXh:-0.039161395 -0.14711195 -0.16599378 -0.18193623 -0.16730343 -0.17649102 0.2903305 -0.22801803 -0.3089921
2fmtwz4VByrIdgz2WGocMN:-0.061650958 -0.10705711 -0.12446181 -0.1710214 -0.09232496 -0.17561762 0.2629886 -0.2645014 -0.35703236
2g5hy2DtaSerUrEgjoQyQT:-0.035395917 -0.14355272 -0.1889408 -0.18022445 -0.13826734 -0.1997138 0.27441448 -0.1788899 -0.33853856
2rmWUKu3C3YBlzMxBYk6xU:0.01405778 -0.120559305 -0.14008422 -0.17493594 -0.1872473 -0.22835876 0.2719567 -0.22264712 -0.30865255
2zDMqfB4VxpcPHUWrcamrc:-0.014622174 -0.09981263 -0.18274818 -0.25795025 -0.11846236 -0.16955021 0.26766098 -0.22015372 -0.32461748
32NLi4AIZCPfikMOAsQaTp:-0.02483584 -0.089560896 -0.15077846 -0.23039928 -0.13690770000000002 -0.20931911 0.2525825 -0.2614123 -0.33056518
374zRQRmxyg0b4c5a9X6yp:-0.027203228 -0.12554476 -0.108759224 -0.2013724 -0.19644545 -0.17785724 0.27278492 -0.18177685 -0.3677583
38rMx88jQPUMYxLbmBOAWP:0.012505347 -0.11296861 -0.17198302 -0.20279777 -0.13224223 -0.15801011 0.305745 -0.23780115 -0.29323167
39kj5poLjZHCQNqG4Ai7kR:-0.01553176 -0.12679994 -0.16890916 -0.20224164 -0.16540383 -0.20049879 0.27442554 -0.17559707 -0.3183362
3L2Ihz1caZV1GTre2cfUun:-0.009448475999999999 -0.083788216 -0.121579066 -0.17947978 -0.13493945 -0.23210354 0.25581706 -0.21979400000000002 -0.30430847
3SaaK8T0bySZH0oG41hfte:0.0019756904999999997 -0.09706859 -0.12746231 -0.23169096 -0.13585801 -0.16516660000000002 0.22901699 -0.23003995 -0.34549755
3VGD50DOSSNiN1qasjnz3M:-0.030603075 -0.117524475 -0.1463472 -0.23728685 -0.107172385 -0.22059804 0.22830932 -0.22424294 -0.32156605
3Vsb7b4gA21FHvNR9rTaKL:0.043517962 -0.09446796 -0.16083041 -0.19853655 -0.15460755 -0.20456257 0.2302703 -0.24347445 -0.31819114
3WJ97SnJ0VqJTNYUeg3Dhu:0.015351978999999998 -0.10684754 -0.18965203 -0.14931287 -0.16047518 -0.21012585 0.26280978 -0.22071658 -0.29425552
3aQ3vXsQ5HpVXt2Kg7YXT4:0.029300662 -0.16352922 -0.16676527 -0.19190276 -0.16013752 -0.19577843 0.2835537 -0.20656013 -0.36851037
3jzjXDWK3loWXSdujDT0YQ:0.031765036 -0.07893152 -0.18152478 -0.16757435 -0.13581757 -0.20015095 0.25253722 -0.20199068 -0.33480087
3kO2jAoqKIBf2vmrKmHSOi:-0.012144816000000001 -0.106389865 -0.1277039 -0.22844101 -0.18401854 -0.15557677 0.23595104 -0.22665949999999999 -0.33394846
3oeazMrX7moLSIaxhd7jiU:0.01720408 -0.09207455 -0.18752874 -0.17902267 -0.16884786 -0.20527704 0.26982895 -0.19114746 -0.37823746
3sMPli6vd46900sSSzW4L9:-0.051482674000000006 -0.13996429999999999 -0.1764826 -0.21509641 -0.115873 -0.20204388 0.26517975 -0.20227045 -0.28533107
3ulr3IKwhadvq5JZUuyWGZ:-0.015717741 -0.07761488 -0.14528985 -0.16183235 -0.16174556 -0.14255443 0.24606750000000002 -0.24401651 -0.34690315
3vSUDbqDOEiSAgor1Hn52q:-0.031229556000000002 -0.09261710000000001 -0.116526306 -0.15625508 -0.15694073 -0.15769336 0.29321226 -0.23714955 -0.33309504
447l2Hpkp7gjrIqj0pUnzi:-0.0024529537 -0.06827588400000001 -0.12060089 -0.22260356 -0.1441178 -0.20160052 0.26171792 -0.20670384 -0.29506350000000003
45BuUm3LShcZ5kMUPtdPXn:-0.03189373 -0.1427849 -0.19657637 -0.20675679 -0.15898722 -0.18071076 0.31254187 -0.18123002 -0.32791105
48DC98Hs9H5EuGCcFd6roS:-0.020231413 -0.12199633 -0.11336453 -0.23964097 -0.098990776 -0.20744400000000002 0.25134993 -0.23255976 -0.3067406
49i6a2iZ5OMVHl6ACmUg4H:-0.023138132000000002 -0.09141597 -0.13341819 -0.1882657 -0.1349786 -0.22005835 0.23744844 -0.18495366 -0.35525229999999997
4FuvZ2chw6jAhSoWAE0tJi:-0.006288780999999999 -0.06870458 -0.15957832 -0.20117739999999998 -0.121718496 -0.19333152 0.21024859 -0.22868360000000001 -0.33420520000000004
4GhmzIPQ3y5VfTyYmgkKbF:-0.017372495 -0.09581548 -0.1890375 -0.16106606 -0.16611558 -0.16055866 0.23710325 -0.23640898 -0.3325143
4IWJni4Y7Zk71t7teAJeJL:0.012777818 -0.059678823 -0.09454927 -0.25643837 -0.13840811 -0.22238258 0.31073537 -0.23041156 -0.3891004
4JZSDeg3XrYwqAuiCG7ZvG:-0.02193445 -0.13251629999999998 -0.2044638 -0.22761922 -0.12189398 -0.16269366 0.30661926 -0.20974237 -0.3075314
4U8HuZxKXGMRNxz7mWiiUO:-0.035144552999999995 -0.11696329 -0.119771086 -0.19944628 -0.17276384 -0.20869361 0.29950503 -0.19759257 -0.28591713
4ZUFhWfwcsSxpX77LmkrLr:-0.014749873 -0.106424496 -0.19396685 -0.21980773 -0.14419173 -0.1900603 0.27655905 -0.18625581 -0.27583873
4eeyrDqt1f9JT4KKOgisWM:-0.018771425 -0.12983394 -0.14618249 -0.16040172 -0.13173851 -0.22661716 0.2264948 -0.251776 -0.36671925
4p6Zf5RgxGA6bFIHpO2faG:0.0036763779999999997 -0.08889993 -0.13629860000000002 -0.20689942 -0.17622161 -0.22391842 0.27598062 -0.2065336 -0.27838126
4qde3JGuhWoZzeskqwUY2G:-0.008628834 -0.13053536 -0.18115056 -0.2127792 -0.18795149 -0.20495474 0.28110588 -0.19611663 -0.3429693
4rudqNRFNM3Bu2ZxgcwqlR:-0.031249423999999998 -0.112157255 -0.10191760000000001 -0.18354069 -0.124757156 -0.21365839 0.26059058 -0.24811038 -0.34766927
4smlk42TtjpU25ctCIhg3z:-0.024269525 -0.0760483 -0.17184415 -0.19686304 -0.18071339 -0.18623619 0.29808947 -0.30234963 -0.37385285
4tfPDVHBD0s7l27TdYN71m:-0.00343116 -0.10373787 -0.15718970000000002 -0.19636671 -0.15215738 -0.17842293 0.3190622 -0.21507236 -0.32445675
4xXhbRWSmuKEnSWV5n8t5K:-0.0034529671999999996 -0.08660096 -0.13653795 -0.26041278 -0.14036484 -0.1711192 0.2404105 -0.19481419 -0.31025875
4y17KLlgZdpyW9ON2FFpIf:0.04286359 -0.10534009 -0.17269455 -0.18341824 -0.134599 -0.17274581 0.32542568 -0.18943067 -0.37605026
4yAAdJ7OiotIVyBH34vxzg:0.022552568 -0.1251427 -0.19080876 -0.20209742 -0.15417379 -0.22479261 0.24447268 -0.23004122 -0.33861563
4zGswERqNOhTD4iJduZQYI:0.04196408 -0.13896546 -0.14211378 -0.20403929 -0.17282347 -0.2048922 0.26512462 -0.25267997 -0.36045727
51kaAa1Ye03M77CJq6U8hX:0.03244305 -0.07809729 -0.12083208599999999 -0.20288157 -0.14361301 -0.19324759 0.24116886 -0.24580106 -0.3483812
55yKci6jWjhDvA08lBemZk:0.039829906 -0.12954189 -0.17288356 -0.21179263 -0.14712411 -0.15498434 0.29116467 -0.24008596 -0.34961322
5A7KKqtfHzQqK2ajxj7ZDv:0.014502366000000001 -0.14833583 -0.16526300000000002 -0.20833802 -0.099853694 -0.24005821 0.30391407 -0.23443972 -0.3158875
5EUF0rX4DfRSc0Kyu3RjZ0:-0.02728274 -0.08460788400000001 -0.1468644 -0.20882505 -0.098116785 -0.14947087 0.29046932 -0.2001675 -0.34423098
5FewpSTOsHkCi8RFIXHKdB:0.029139817000000002 -0.12106378 -0.14812875 -0.23949261 -0.18281505 -0.1377187 0.23175868 -0.2445931 -0.32779179999999997
5GAPTNf3rhWfDlvBSJ7jys:-0.010875668 -0.08802292 -0.08932045 -0.1700523 -0.17719394 -0.22517772 0.2567976 -0.21249701 -0.35709187
5LIQq9nG5WuYR5NaOWmg9d:-0.011474268999999999 -0.11429493 -0.17917384 -0.2389942 -0.15606247 -0.1586402 0.28069293 -0.19971403 -0.35501552
5PcRsuH76M3xyRbZdV7vJK:-0.060298134 -0.10579472 -0.17989352 -0.17593879 -0.17293678 -0.21191294 0.29576418 -0.27367735 -0.3860195
5Qn6HqGORBQIbAZh4iWjiE:-0.032502603 -0.14584835 -0.18199894 -0.24172248 -0.15986732 -0.16710988 0.27588340000000006 -0.20044121 -0.34555009999999997
5TuDoAu86UiOdU5oHxPCi6:-0.029624982 -0.15704678 -0.19056866 -0.24080183 -0.10592977 -0.19293736 0.26120344 -0.21968938 -0.30008277
5WQzrWRUbEQCVV3yVNZ8Ac:-0.012871232 -0.10644165 -0.15548502 -0.22720839 -0.13137126 -0.14468612 0.28951594 -0.20489775 -0.307777
5iFRbxjvNsPoPc5beBk2RF:0.008314221 -0.15979382 -0.10175006 -0.25836146 -0.12062379 -0.18964785 0.26673433 -0.26448905 -0.33005333
5mKBUusL05wPClzaDjvRvJ:0.026216648999999998 -0.16120821 -0.16997638 -0.25018346 -0.09628397 -0.23353748 0.25522846 -0.26397800000000005 -0.34787379999999996
5qNJEfoiRWixoysh7AwcZX:-0.022390757 -0.11909005 -0.15503052 -0.18213402 -0.1696655 -0.17120437 0.24016915 -0.17479962 -0.38428670000000004
5rEMBzyz3rbgPKwx9GBt3z:0.013359461999999999 -0.12703516 -0.18069519 -0.19476917 -0.18768048 -0.18633246 0.30053209999999997 -0.19186717 -0.30969125
5vcL0Ml7xEiZysuAMmK4zF:0.012008498999999999 -0.15252489 -0.19329385 -0.17354907 -0.13481094 -0.22271425 0.29049498 -0.21456622 -0.32886329999999997
5zbx6uaqBXfamOzl4DAo26:-0.021846732 -0.13795006 -0.16185904 -0.15499570000000001 -0.16452034 -0.20878842 0.22514522 -0.24324031 -0.35957623
62TEwcGKOz4XtIsMorhCzh:0.02306 -0.064351596 -0.13543029 -0.19709754 -0.18598232 -0.1741581 0.29206008 -0.18695892 -0.29312414
63DnUyxc5n2E75CRoU0V0a:0.021884947999999998 -0.08496892 -0.14991759 -0.22189492 -0.16354832 -0.14623627 0.29520848 -0.22738568 -0.29830796
6DkUyA9RvU5YHqFmY6MHmm:0.0119684925 -0.09844611 -0.15284376 -0.188019 -0.16498703 -0.18759753 0.26033103 -0.20050015 -0.34295264
6FtZtz3YHuonWFjtEAGV3W:-0.039437566 -0.13276437 -0.12539299 -0.2372656 -0.15363285 -0.17983339999999998 0.27489004 -0.2000003 -0.31525987
6Ol3Wnup5dYYezMApa5uXf:-0.041314363 -0.115484886 -0.13076398 -0.17108269 -0.17007072 -0.1838645 0.30164933 -0.2008819 -0.28888053
6SirRbYa7ueW69QVVe9gSH:0.02051729 -0.071040966 -0.09387994599999999 -0.16105908 -0.19626899 -0.1542576 0.27407596 -0.24326453 -0.324665
6lClO8GffWhMXy77EHRiz6:-0.007115871 -0.16092993 -0.17857541 -0.17705683 -0.2035891 -0.18595232 0.22728705 -0.25637984 -0.31033698
6ytAI8DJOpayGDsGEj6MT8:-0.014064981 -0.09658516 -0.1261545 -0.17999579999999998 -0.136638 -0.19097202 0.30023453 -0.20633656 -0.3551114
70z9SfnNGBLQr18RG2shyp:-0.043536412999999996 -0.13594991 -0.11078051 -0.25429177 -0.11492657 -0.18006155 0.24046594 -0.2457089 -0.35258096
74vjt1OjbOplQmMEDRKbRq:-0.024540821 -0.08563475 -0.1322371 -0.2227848 -0.1697636 -0.14918683 0.30126068 -0.16785136 -0.31065345
752nKkTSDUXQ932V4g71WA:0.0072328853 -0.0528082 -0.113902226 -0.24252070000000003 -0.1365973 -0.18861105 0.2569041 -0.17931402 -0.32731956
77OgilMtqX1CuPGPvldl8C:-0.016406732 -0.106063835 -0.12366176400000001 -0.21085165 -0.12835127 -0.21449745 0.26923662 -0.21908413 -0.37469283
7HKGrqTnZ5PSYwkENCMs6i:-0.0066317497 -0.13302554 -0.11352698 -0.18760201 -0.16868928 -0.22232239 0.31409672 -0.16893044 -0.35404217
7KGUfMOuvQbVQMmp1Fbfek:0.007545955 -0.0894165 -0.17036402 -0.21825114 -0.09823764 -0.22299317 0.23369378 -0.19836262 -0.32683823
7dmFfmAzqKSsWGfKLNP8ld:-0.014875689499999999 -0.14081636 -0.13159625 -0.22438899999999998 -0.15172602 -0.20429297 0.27130207 -0.24322434 -0.29088965
7eQvMPSnnjS26Kp8pUkrvc:-0.0016781598 -0.10574303 -0.14120895 -0.21708752 -0.12573509 -0.22163866 0.27066737 -0.21111575 -0.30137542
7fi2cV9lZW1VqMQlvgmO4K:-0.0013275672 -0.1152297 -0.15356162 -0.25110003 -0.09898003 -0.23647092 0.23141511 -0.19273674 -0.33493
7g6s0NXGmk1pQCDZNaeVMT:0.030756067 -0.14310179999999997 -0.17787744 -0.20419528 -0.16147213 -0.15692538 0.3055651 -0.22080347 -0.32754058
7iQEzxOQH3dzAqhwCyeskZ:0.007574634 -0.09002602 -0.09390064 -0.18993402 -0.15535946 -0.21339685 0.28813735 -0.22669315 -0.28434795
7oXUTsDpb8o9f47VfsNtTt:0.017339667 -0.09643335 -0.16891861 -0.21642497 -0.16265853 -0.23639525 0.2562452 -0.18755202 -0.26876587
7u0Lg0kuUsYEHhRHwnloSh:0.039030384 -0.08262936 -0.19031312 -0.1930086 -0.1408804 -0.15991549 0.29588005 -0.19780043 -0.3496896
