007NatCADLXKY1ckKTYbxG:0.054117292000000004 -0.07563239 0.040039998 -0.20887055 -0.27935117 -0.20215014 0.27189022 -0.1666953 -0.37326863
096kL17BcT4UD8mHMkkTgx:0.014192146000000001 -0.13460752 0.0015068117 -0.22687326 -0.2715526 -0.17569779 0.23020655 -0.16212022 -0.33671612
0EbjmLCrZi7NiyWbAUkC79:0.038645557999999997 -0.07398374 0.012464576000000002 -0.27968568 -0.24233833 -0.23639655 0.20572266 -0.15068299999999998 -0.3368434
0HjI2e2dBQmCvdQgRwyyCw:0.0451856 -0.13994965 0.015041062 -0.26088142 -0.2832126 -0.19451211 0.21183652 -0.18746376 -0.3840861
0JvbtLm2JS5pl6X3SvQGEc:0.043184377 -0.116299056 -0.012997083000000001 -0.24203669 -0.24397725 -0.22562814 0.20601182 -0.13194068 -0.3832409
0NFCzmRzZwtkMwzsmLINJy:0.010110767 -0.12884659 0.032015342 -0.26549312 -0.20571445 -0.19363977 0.26799825 -0.17541513 -0.39286903
0OTVRKxLnmf7O1vL1RYXBg:-0.008026232 -0.103570804 0.021862927999999997 -0.21644776 -0.22626622 -0.20817655 0.24886183 -0.120752394 -0.40128735
0P09eUPayfttWySeQvSvIG:0.030180522999999997 -0.08977472 -0.046953894 -0.22305341 -0.22173822 -0.17202877 0.20992132 -0.15915109 -0.40952656
0Qc5cT56ckDFctWAWWnG6J:0.0025285622 -0.14628878 -0.02658901 -0.23519725 -0.2115967 -0.17384724 0.23485112 -0.1967869 -0.39629382
0TinWCYiCL8JRPmV4G7xpx:0.002165668 -0.13452381 -0.02350889 -0.24765820000000002 -0.25248522 -0.19879760000000002 0.21201237 -0.10125653 -0.39219075
0XHeoAWiJAFagUG9Wwfqcf:0.06259630000000001 -0.10338559 -0.0054093430000000005 -0.19575001 -0.2704183 -0.21262811 0.28136438 -0.13838468 -0.36318114
0XmRkHmIGssGxckdGo8xbO:0.059482433 -0.08203526 -0.016336929 -0.2640185 -0.22158979 -0.19809443 0.18460279999999998 -0.13638663 -0.35862494
0aY3yc2jGRGcrl3Qw3RVVx:-0.05418397 -0.106587574 -0.12478678 -0.2966123 -0.30537704 -0.23168689 0.3262752 -0.117824964 -0.27671027
0cNqbGwm61fcmOF2w2odYE:0.047020506 -0.08720121 -0.0067469277000000005 -0.22642255 -0.2692998 -0.20959336 0.22160704 -0.14972876 -0.35577238
0dvAy9Iaj5zipg8G8b1XgR:0.068786204 -0.086593926 -0.06988961 -0.22683546 -0.29050946 -0.17945175 0.28079996 -0.16183852 -0.4657299
0f4pT56mz0EA5OcrM5e1xB:0.055727515 -0.09495736 -0.04925445 -0.25956532 -0.22479747 -0.1740155 0.24764492 -0.15906766 -0.36125419999999997
0fu5KAV7nsjIHb1ky2ZiJf:0.05568194 -0.07548438 -0.045928462999999996 -0.29988109999999996 -0.29395425 -0.22861671 0.24187833 -0.20275520000000002 -0.47473702
0g4eSy2qxoY4grVkpRUfUH:0.07543857400000001 -0.12988952 -0.050011362999999996 -0.28377143 -0.28148225 -0.17101818 0.20218551 -0.11359022 -0.4238327
0lUEy4HUQz1wJn0jCtCTYe:0.05784987 -0.0845529 -0.047642252999999996 -0.24045075 -0.25475726 -0.15260468 0.27539805 -0.15373541 -0.30945295
0mryMr6XmaLP0nlWCF6Vxq:0.027248004 -0.14355113 -0.033435993 -0.21392603 -0.30916074 -0.19532249999999998 0.19365925 -0.14313422 -0.39646706
0xqT4o5IPmEx0nbS4dv6Kc:0.038822643 -0.09607299 -0.013758913999999999 -0.20015962 -0.27707383 -0.17481660000000002 0.22958136 -0.13808493 -0.38513196
12P8vD6XIok3g37qUqrRBC:0.017506028 -0.1583741 -0.032377966 -0.23798592 -0.24400331 -0.19998747 0.25908533 -0.15766974 -0.30719385
12VMBD00oP2pXXatkg2Fj6:0.023722548 -0.13184239 -0.020392217 -0.21275562 -0.26896968 -0.21070439 0.2613885 -0.15721044 -0.38298795
12cUpsGc7dcfsuTu3QQ88H:-0.00015932428 -0.12210889999999999 -0.04436364 -0.23640282 -0.20063716 -0.20709664 0.19613943 -0.19176885 -0.30747113
12wJUOPK3IImNGH9rlDeci:0.014950299999999998 -0.1302903 -0.00581753 -0.21869425 -0.20647918 -0.22619392 0.26661164 -0.13570379 -0.3323816
16bBHyowd30O8lyNTouEhx:0.051535095999999996 -0.11413115 -0.023442797 -0.22948496 -0.21281475 -0.20049319 0.19193879 -0.17807607 -0.42747465
1LIaQDTmAuROT48HpwQF7R:0.050622497 -0.06594449 -0.016307358 -0.22254965 -0.21235777 -0.24715246 0.20080395 -0.14134821 -0.3554409
1XoPQ4K8MELMgtW5VVgXfN:-0.0049960283 -0.08713272 -0.015915496 -0.3294145 -0.23820329 -0.21396172 0.27405393 -0.16547623 -0.49158409999999997
1cvM6EpebI5ypuv2HEQrbo:0.0027802414000000003 -0.093585856 -0.01058689 -0.22116329 -0.24997777 -0.16289432 0.23470826 -0.12022553 -0.36515626
1gIeDpixA6rHQtnWWK1wWB:-0.0019172018 -0.07237204 -0.010610211000000001 -0.20285079999999997 -0.21934298 -0.17124858 0.20213795 -0.15640695 -0.40580818
1h185mrJUQVgrMjEiLpt5g:0.009395165 -0.08619617 0.01741399 -0.25130495 -0.24206461 -0.21488038 0.22960865 -0.13299273 -0.3563423
1jrf43Runcw1WtOy8Psuv7:0.08672165 -0.116246246 -0.038036104 -0.2648567 -0.20639528 -0.21694438 0.20159258 -0.17302786 -0.39739823
1rCCUbCJERoMJmRoi9eLxx:0.047012363 -0.13708553 -0.0068095685 -0.23012792 -0.24547127 -0.27736068 0.2330689 -0.20352751 -0.42100617
1rq4tsdSTiLQlmGgbBQBRG:-0.017014705 -0.080755875 0.0007598459 -0.22595313 -0.24941446 -0.20688011 0.21010467 -0.16875719 -0.29195103
1y6tSwGuP1WF1Vj858ID5X:-0.0010979861999999999 -0.13774897 -0.035008196 -0.31511799 -0.22821061 -0.15760036 0.26381309999999997 -0.20820157 -0.28535947
1zH7vPFExRPdZJrFAfSHAh:0.010762586000000001 -0.11122699999999999 0.03148847 -0.22227399 -0.2774656 -0.21157458 0.24838826 -0.18568189999999998 -0.332072
23iT0EG4jA0a4mEnNI7SsI:0.020674061 -0.09654187 -0.019475577 -0.262805 -0.22842808 -0.1706036 0.20420514 -0.17126437 -0.35440642
2BCzK2sbrNKt1AGSvV2ePb:0.059409566 -0.06484049 -0.018136512 -0.19146559999999999 -0.26431462 -0.20794745 0.245635 -0.11352788 -0.3851308
2BUp5IVOK24xFysNcdjiJM:0.019975323 -0.083501175 -0.017357891 -0.23651278 -0.24234727 -0.1850226 0.24297899 -0.09377798400000001 -0.33493379999999995
2GMAPcFuIbUZ5j7JFTo2gx:0.04439015 -0.12374959 0.03140476 -0.23701225 -0.2832677 -0.24954855 0.20662537 -0.19097455 -0.33914733
2K5tllslbKc50g1RqtiPuZ:-0.004838871 -0.112795584 0.014065071 -0.21638338 -0.26111394 -0.22284465 0.26244113 -0.15840013 -0.36819708
2KQbpkZjr8wxFDxWlPzlwc:0.02745372 -0.07059606 -0.035552885 -0.26150256 -0.20673303 -0.1795088 0.20835885 -0.11051353 -0.35289204
2UCYPSwrmPa6iTQHGZe4Jp:-0.0044183494 -0.111885376 -0.014791791 -0.24660441 -0.29244518 -0.19897117 0.2382902 -0.1456399 -0.45646859999999995
2cafKZsbUDBn8B8j5TdOgH:0.038769905 -0.09949947 0.00095512526 -0.24670944 -0.28541437 -0.2612869 0.21443658 -0.15879756 -0.38713947
2fHRErHVkW70AXHSKGYaol:0.03847972 -0.08034021400000001 -0.006390746700000001 -0.27589807 -0.20669083 -0.15079127 0.26800999999999997 -0.17365734 -0.3241718
37fcWY6jWI0xrHiuBhahGl:0.04266433 -0.15364291 0.007737305999999999 -0.21158814 -0.2131073 -0.26828197 0.28134929999999997 -0.14123307 -0.3905675
3EKt2rN0HRWZ0b4ocIneO1:-0.01226162 -0.10086726 -0.0054215486 -0.22943795 -0.23921475 -0.18133995 0.2372748 -0.17263813 -0.3347783
3GFq1i1vZMZMjRGkmJOl96:0.009137993 -0.08291231 0.032808997 -0.24467322 -0.19803098 -0.22886394 0.21658614 -0.17506010000000002 -0.36497435
3OitY4k4TUHLZYxa7joayW:0.0142067745 -0.11587575 0.021776797 -0.25764993 -0.22714773 -0.17032039 0.26018143 -0.12563774 -0.36020678
3RksvE85iJfApIs9oyI69n:0.0016161160000000001 -0.07058082 0.015022216000000001 -0.23098661 -0.21100472 -0.23782833 0.26078197 -0.12526995 -0.3441567
3anPI5PBwsYdnVjSNDQ2xA:0.02992972 -0.09310262 0.008293825999999999 -0.21084231 -0.22872496 -0.18135019 0.21598905 -0.15559797 -0.4060699
3fZluaUtO99vNpEQoE6cpc:0.012226663 -0.104687095 -0.04438678 -0.30860564 -0.30418850000000003 -0.24732658 0.28949693 -0.0947023 -0.41793558
3gbAxjT1wt0LS4BiTcwC1b:0.008473664 -0.08109298 0.013606466000000001 -0.22152294 -0.2622824 -0.20453252 0.17626515 -0.14729439 -0.39008152
3iI6xZkQSWGjWx5phFVLn2:0.0045489829999999995 -0.1299276 0.03724687 -0.24690469 -0.28297898 -0.21324879 0.19315948 -0.14638310000000002 -0.39237282
3wQASf2vacrrA90yi15d9o:0.05469981 -0.13449943 0.00297377 -0.2494187 -0.29113576 -0.18468316 0.23399562 -0.17078154 -0.36802822
45xED4doqTZDnCmqRO4MeS:0.025654697999999997 -0.15599407 -0.029718105 -0.32424086 -0.289831 -0.27390790000000004 0.29689643 -0.14306921 -0.48327437
4DfLJPZzOzdaQOqnX6Wvsf:-0.007090444699999999 -0.08760404599999999 0.0016840469000000001 -0.31165534 -0.30674353 -0.25730032 0.32113314 -0.1695284 -0.5042752
4FBOPHtej9uyuL3m9WkpoF:0.022999004 -0.12043079 -0.013391268000000001 -0.26624224 -0.27185887 -0.25366455 0.23599264 -0.15878592 -0.4584626
4Jp3heReqDPPYyZDfkS6er:0.06450710400000001 -0.05992382 0.017570911 -0.22712669 -0.26962240000000004 -0.23604392 0.22124293 -0.13441947 -0.34834003
4LRzUCUuVSVnEbdUBGvSdW:-0.020771451 -0.12451644 -0.03770732 -0.21196233 -0.22766165 -0.22098699 0.23967394 -0.10548675 -0.34497055
4QId3jGeG5hg5LSaxnW3Ub:0.05665877 -0.08758591 -0.051045142 -0.1861688 -0.19531678 -0.2336641 0.2528982 -0.1613898 -0.39242345
4TxvzjFdknSCL9udR39Q3X:0.02606293 -0.11319389999999999 0.035291947000000004 -0.26109323 -0.2879438 -0.18371645 0.24884672 -0.15804353 -0.39853284
4UJvq0DVWfWsSqJ8i5KyEY:-0.010922201000000001 -0.10669920599999999 -0.021742199 -0.250751 -0.19893098 -0.21227789 0.26913238 -0.12116795 -0.30033287
4d33FKTcio0dP9z0so7fLz:0.09207656 -0.09311797 -0.035155587 -0.2687171 -0.26247332 -0.19755057 0.23388328 -0.09874847 -0.3800033
4nSJn8kEFn1J0q9P535A0u:0.023789843999999997 -0.16325620000000002 -0.043373699999999994 -0.26679045 -0.25889206 -0.16863164 0.21374576 -0.14646603 -0.38200513
4rySuK22YkRLjRgYF98dMq:0.038354304 -0.14090669 -0.0041538654 -0.21678789999999998 -0.29565653 -0.23358520000000002 0.2168529 -0.19619472 -0.34509029999999996
4wiwUgr26EF6CgmjUvG4Yg:0.013353305 -0.13407305 -0.058964983 -0.2762058 -0.28926188 -0.26161453 0.288036 -0.1963501 -0.44965200000000005
50HOKnwBHIFnOMxt5hWvce:0.03471785 -0.07953549 -0.0005934651 -0.23949957 -0.2829393 -0.17709567 0.20822583 -0.16315937 -0.35439748
52SwaTSFkAji5ympoirArb:0.025176754 -0.09239115 0.038075883 -0.21745589999999998 -0.21468334 -0.17899412 0.29299363 -0.20313914 -0.32609236
58ylnnjZvGC4gUnZhhh2bE:-0.005207058 -0.13731246 0.01153317 -0.23298913 -0.28394476 -0.25833452 0.29839109999999996 -0.17300826 -0.41300872
59b09ZqU3527mIzfa8kNl6:-0.0186873 -0.08858010000000001 0.017657204 -0.24070825 -0.32017684 -0.22360821 0.26759893 -0.13506502 -0.44494885
5Aqc5LTX5ezFw5uCLatF1e:0.01402163 -0.10877219 -0.014919458 -0.21819305 -0.22647136 -0.22153722 0.22588924 -0.15682979999999996 -0.37703326
5CSEAmplgZ1OigTLDcaE5G:0.06318533400000001 -0.08002460000000002 0.040270057000000005 -0.21732324 -0.19081345 -0.21961631 0.2717369 -0.18937047 -0.36022209999999993
5OEOBWFhf0dHpLQO4FGOMX:0.029948892 -0.09709155 -0.0070971698 -0.22786485 -0.20388018 -0.20592017 0.18308417 -0.16089584 -0.41734946
5UmKdQU3pXb1vNDfVU9dwQ:0.058479086 -0.08821072 -0.0058572525 -0.19370063 -0.26721809999999996 -0.22660922 0.24609073 -0.16538073 -0.34139547
5VwXWKhnGnfZrE5FeeIG2a:0.025336599999999997 -0.063926 -0.016608167 -0.21291526 -0.26583865 -0.23051204 0.19268046 -0.10137149 -0.38693678
5YXUHZQAfazn8MhmSEeWNQ:0.12129825 -0.10820585 -0.07522873599999999 -0.36268598 -0.20502362 -0.28611633 0.24064374 -0.14032641 -0.26918027
5aV4rQOukqz2nLuJkdGKpi:0.02300867 -0.12953436 0.013791643999999999 -0.26377209999999995 -0.21509883 -0.22117938 0.25541198 -0.13659114 -0.37127542
5bK30GOM1RaM14kScdpsqI:0.056311928 -0.136691 -0.057973705 -0.20671815 -0.29067287 -0.17496626 0.27540190000000003 -0.13918474 -0.33347112
5i5MsWivxBYMVAEm5QBvcZ:0.01618905 -0.10992005 -0.021247625 -0.24204981 -0.25638357 -0.22206737 0.18304665 -0.16243577 -0.35175994
5lLZF5YZF3LRwLUx3ECjMw:0.0014870338 -0.1499433 -0.010284156 -0.22930777 -0.22125295 -0.23254047 0.26371700000000003 -0.13643564 -0.31057009999999996
5n68p2dbjYnXNP9A2nLzbj:-0.009968028 -0.16508739 0.005841838 -0.2252185 -0.24185517 -0.19875745 0.19332723 -0.16178644 -0.4016146
5pkxlD8CHPGjiP4O0Cncdf:0.027375944 -0.09858629 -0.0020088055 -0.23066968 -0.28013920000000003 -0.22375937 0.21600860000000002 -0.14441189999999998 -0.35725385
5qy0saVpI2OWV5AIeduAu0:0.07320474 -0.10291782 -0.033020705 -0.20834908 -0.20922984 -0.20588754 0.23937789 -0.112290576 -0.4097541
6325hBk16SfMriavSuRvHv:0.05243837 -0.09018735 0.02561925 -0.26752943 -0.19617964 -0.2402099 0.22231178 -0.13988273 -0.39004153
66deUrxj7S9a63Gvfr581M:0.03644036 -0.12313576 -0.0037240733 -0.22924472 -0.25881326 -0.18686491 0.26966348 -0.14087501 -0.38837758
68XFXymGMTChuhKRi85ho2:0.0014205123000000002 -0.09859307 0.0049845003999999995 -0.19639759 -0.25504315 -0.17399739 0.21073776 -0.18264978 -0.40778768
6E6b4HiIICgEjpCHb6eEKq:0.08125602 -0.09475563 -0.040442944 -0.27578518 -0.22657141 -0.16768704 0.25450087 -0.11243391 -0.37278290000000003
6FAgXPiFlRIt6ot3dDXdIP:0.04596741 -0.09652143 -0.013533358999999998 -0.23194091 -0.25912467 -0.19767556 0.22653739999999997 -0.12735431 -0.37215737
6Gd67LQq13y0EjYzVxWKel:0.038668666000000004 -0.089174636 -0.00051143655 -0.22872510000000001 -0.24946478 -0.23941693 0.21289581 -0.12111966 -0.34689832
6HOQqZ7AivXvT6aNJxTrpj:-0.1299076 -0.022706114 0.06433108400000001 -0.20760107 -0.22107035 -0.19546749 0.17834112 -0.28435817 -0.38814837
6IVcP0GyH1xRmqdTiNdjzn:0.02688292 -0.12620248 -0.03715015 -0.24453641 -0.19942565 -0.20051464 0.24818164 -0.18900336 -0.3076534
6QeHQmy2Bk2TmTzh4CpvWx:0.028704764 -0.11029506 0.025095744 -0.27886137 -0.23363174 -0.17293145 0.24898425 -0.18222953 -0.3497494
6VXhOgokHgJIZmahgzboiA:0.06623367 -0.07761882 -0.014242906999999999 -0.27951425 -0.19011903 -0.20301436 0.26675156 -0.10789625 -0.34921613
6X1J4JSUyHIHQQIeQ2uHtM:0.0629689 -0.07227804 0.031227814 -0.2696835 -0.21314332 -0.22876793 0.23471437 -0.16459881 -0.36340353
6dthXS2qPKLcda590DLc53:0.032429256000000004 -0.09721201 -0.03970088 -0.19792806 -0.22733258 -0.20714879 0.2151484 -0.15741538 -0.3249785
6kIJUpvEc0rzLlTjVxasUm:0.051726077 -0.11759739999999999 -0.019880903999999998 -0.25818253 -0.23525518 -0.23057273 0.27163273 -0.15701821 -0.32604435
6oblZyXjlmLfM1jSopFTAo:-0.015035198999999999 -0.13564533 0.005871815600000001 -0.24032384 -0.24503061 -0.23904207 0.25669074 -0.11701943 -0.32595918
6rIMi4CGHD6tUGpDrhlUNF:0.06387991 -0.13456400000000002 -0.011397068 -0.27751115 -0.23908067 -0.19222279999999997 0.28589082 -0.13560511 -0.37319803
6rLdPXRlmhob5wu6xMivHj:0.04210321 -0.08618911 0.024864377000000003 -0.31157336 -0.26712617 -0.25540876 0.28401878 -0.14225557 -0.38943434
6tVtLOIDzl7S4CvwZ1YMvK:0.057593763 -0.07503275599999999 -0.036076866 -0.22245517 -0.20301934 -0.19115745 0.24653533 -0.14128776 -0.40149456
6voTTNNPNlDiQuqiXh3kyq:0.036323693 -0.042692304 -0.007849613 -0.22449283 -0.22498024 -0.1645924 0.20272976 -0.18969561 -0.35686988
6wQUrY03AtInywhFCpNO01:0.029020436 -0.1054037 -0.020276766 -0.22572689999999998 -0.22403760000000003 -0.18158552 0.27654672 -0.14474776 -0.3615022
74nY15O9mNR02cZGOO5qrZ:-0.0027668714000000003 -0.11883136 0.012186731999999999 -0.27006399999999997 -0.23153025 -0.19074196 0.2262248 -0.13003772 -0.33127993
75TXSI4qKragMFmWkzWNcx:0.04760409 -0.10589295 -0.00035528152 -0.25452274 -0.26801965 -0.22524545 0.21718238 -0.12432319 -0.41296726
7D6nJYIf8W0La9z9grleuF:0.04264068 -0.096333586 -0.05260822 -0.21015501 -0.22356625 -0.21772696 0.28027797 -0.11623537 -0.3423775
7DYVLcDXlxmdqLcRLOZXkj:-0.011484133999999998 -0.12465781 -0.007839789 -0.25245118 -0.21571529999999997 -0.16799136 0.22550678 -0.16640231 -0.3875761
7fvpQhtkRJOApCjNmSLehs:-0.022797624 -0.12140378 0.015247388999999998 -0.22653878 -0.21085611 -0.20520867 0.23190862 -0.12280783 -0.3270991
7hjP59CP4NfO062ptDvO4A:0.04562649 -0.058534447 0.020843081 -0.25457588 -0.2557408 -0.18982112 0.18315701 -0.13883299999999998 -0.3629558
7ntPqC6OhmzpCWq7FP5P6k:0.02757823 -0.108886816 -0.03368812 -0.21723872 -0.22946544 -0.20364976 0.24000974 -0.16745095 -0.33748078
7vcakKwJfQ6ScXfu7z0tc6:-0.015934318 -0.14768472 0.036909115 -0.29463264 -0.23267947 -0.16435097 0.24468888 -0.18195544 -0.36974213
7xims4Sp8yjLhsLMNavS49:0.026270593 -0.13940644 -0.04064743 -0.2830449 -0.23595493 -0.19956502 0.18194865 -0.15561722 -0.3783893
