00BGZXl54zHTrWGoBx5QwA:-0.025827996000000002 -0.077777095 0.04516324 -0.13234822 -0.02449772 -0.10580489 -0.0122577455 -0.048897058 -0.08796504
03xZxWYOT4mKWXZpBvo1P7:0.015208916999999999 -0.10134579 -0.05800963 -0.121719986 -0.013327416000000002 -0.039862199999999993 0.050126776 0.028599472999999997 -0.09358489
0Lgw9I4X7hp19qYdNM7u4g:0.07910561599999999 -0.042076297 -0.018013785 -0.08838685 0.008466228000000001 -0.079462655 0.05851512 -0.004847048 -0.04765401
0PRd2rdLV4dvDP6YpH8bZ1:-0.013542378 -0.020213135 -0.00026569524 -0.059021644000000005 -0.039494794 -0.08006895 -0.00029672394 0.017534181 -0.10877112
0R8xdR9y7LP2gBvRBGGb07:0.056662515 -0.032272353999999996 -0.023263492 -0.04613896 0.028371999 -0.09993373 0.05762185 -0.039874364 -0.04199172599999999
0Tm88NJQAa1Pe5vj8IQBhC:0.038989227 0.007507257 0.042528827000000005 -0.08211763 -0.07104097 -0.08809508 0.023496193999999998 0.0027409813 -0.060231727
0v5xe4avPjBfFaH7YNsXtQ:0.021330077000000003 -0.004462635 0.002287041 -0.04542241 -0.027005255 -0.06685808 0.039984204 -0.01138592 -0.08090817
1JYml5HzXGCOQDfCJCRjTa:0.008405703 -0.081166334 -0.056516282 -0.09780224400000001 -0.017622592 -0.03578335 -0.006926201999999999 0.005792850600000001 -0.11517618
1t25wqzuSRb31ySvLbaTZC:0.040994585 -0.060382053 -0.014068873 -0.043927999999999995 -0.07634859 -0.034390762000000005 0.051853325 -0.009188604 -0.09397933
2Yt67v3lK02VREDd9JYpPs:0.016444685 -0.06389157 -0.045884836 -0.07333066 -0.01755785 -0.022240555 0.05599223 -0.038878728 -0.01988287
2h5XJBvH1hlRbvF9FMiiR1:0.010853246 -0.014066663 0.0002860288 -0.035500426 0.010463547 -0.02547742 0.05673102 -0.054546613 -0.08002023400000001
38AjYDS9Re8GXpKi6fErwx:-0.003502392 -0.018521406 -0.04069678 -0.09213982 -0.104790896 -0.112734795 0.09672988 -0.05747355 -0.10135652
39oSTXva60WZWUTlWnRJJB:0.05087697 -0.034287202999999995 -0.03228878 -0.11908198 -0.03579764 -0.07983925 0.010239308 -0.017749432 -0.08351079
3GO81ymx9tp9hpb3IVu5ag:-0.0009246100999999999 -0.028071085 0.016431881000000002 -0.062281277 -0.06605281 -0.04230947 0.026789683999999998 -0.01669715 -0.08479747
3HT83I0225L3MwIurTYyZt:0.014308688 -0.058493942 0.023600284 -0.057774152999999995 -0.017271835 -0.097217865 -0.0013912545000000001 -0.04284066 -0.12009389999999999
3Llualpue9gKisa5z6gx5I:0.016776778 -0.08913855 -0.009572876999999999 -0.06983947 -0.037007403 -0.075214796 -0.0041109365000000005 -0.040896133 -0.091650926
3Ta3a06kFTBkqADHg4J6KH:0.03219095 -0.044565402000000004 -0.06882438 -0.12854059 -0.014916703 -0.014436557 -0.00996117 0.003019117 -0.0347561
3WbI1fAu8GJRz7qXJFTCIF:0.034404695 -0.04156435 0.01270964 -0.0996142 -0.06802832 -0.019481476 -0.013479168500000001 -0.042746152999999995 -0.10528058
3e9CruKxDMdJZk5zgZ5tpU:-0.03734054 -0.06123364 0.061902985 -0.109925725 -0.06169669 -0.09316977 0.035462997999999996 -0.013412715 -0.082638614
3i2jSBugEGU2fmyLP79BZx:-0.00048859883 -0.043766125999999995 -2.4991314e-05 -0.07677625 -0.084193066 -0.08473396 -0.020507686 -0.027880633 -0.07088711
3yllCYopp9kV0Onhrc3MNH:0.029862887999999997 -0.023628127000000002 -0.026646332999999998 -0.07501732 -0.004135921 -0.006816105 0.053934522 -0.017920013999999998 -0.10311798
3zOUvAtwmezdyToL8OBoyU:0.037651587 -0.042639397 0.028875917 -0.10578625 0.006595604000000001 -0.056998882 0.070520476 -0.08062956 -0.056390017
42XRxMid6Ww5uCk5HsUE0Z:-0.011416764 -0.039474912 -0.014669063500000001 -0.13885072 -0.03872391 -0.018925373 0.01348048 0.007387813000000001 -0.09168206
45bYvlBruRXPAGXHtwVPfI:-0.017197946000000002 -0.063372396 0.01404872 -0.100440115 -0.001763716 -0.08419601 -0.002042524 -0.021572275 -0.06566519999999999
4CMROsfLddIvFLMbTowIx4:0.025279177000000003 -0.03369307 0.009530955 -0.046585586 -0.08864054 -0.013291193 0.0622632 -0.0034116055 -0.04037736
4JVSu5t90HiTIkYWFTs2ks:-0.02115995 -0.073929034 -0.03479449 -0.14749306 -0.08237433 -0.046583485 0.06010966400000001 0.011311887 -0.05190817599999999
4JrhUwmiL4oXgGy52CRrCQ:-0.0030347726 -0.029896379 0.028799500000000002 -0.06691521 -0.07308088 -0.05253046 0.027372662000000002 -0.039419666 -0.111165494
4NwbqxWgQVJvZHrFPn14bD:0.031538736 -0.029920142 -0.0030836777 -0.047771502 -0.057107995999999994 -0.053568732 -0.0045316424 -0.0042524375 -0.12396944
4OWOOn6gfEuS3Nz0TgSNvr:0.054273292 -0.063534044 0.040526032000000003 -0.098182514 -0.07857014 -0.12197921 0.01733362 -0.063225865 -0.10273741
4etqInAZ0FDOed3lBbAgh5:0.037899867000000004 -0.031174129 0.022247192000000002 -0.06769014 -0.0190892 -0.09877902 0.04799403 0.017699374 -0.124962166
4h2cqlQTb8er90ztGZqJVV:0.017911987 -0.04622763 -0.020913763000000002 -0.084640786 -0.05840134599999999 -0.06457344 0.062516965 0.0009017619 -0.03302381
4mKesgal5KZSgXjatKQ1FC:0.052460965 -0.044886794 0.04269685 -0.10780107 -0.0982709 -0.03489649 0.026201533 -0.06312129 -0.09631782
4mTeLK8aD7w8nYEqJU7lSu:-0.019755653999999997 -0.08260935 0.034105803999999997 -0.10903278 -0.042420708 -0.081421025 0.00427103 -0.048775945 -0.048299734000000004
4pkn68E2KAO3xKaKkfn7p8:0.00089006295 -0.028701326 0.0009891512 -0.03466117 -0.033195615 -0.057154074000000006 0.07186694 -0.034360945 -0.016253358
4rqTyffvee97Jfa7HEm037:0.009352119 -0.0049106977 0.032664362 -0.088304274 -0.032509603 -0.059533067 -0.0020792913 -0.031634975 -0.08312826
4sYjFmNN8Vv2Rjg8jhwrSX:0.021504218 -0.024533067000000002 -0.008132376 -0.11166849 -0.035734233 -0.032410737 0.009944874 -0.009992921 -0.04355701
4tDmrS7IbIC5FxuBD4RK3r:0.03725052 -0.029123133 0.012157523 -0.06466158 -0.055313934 -0.04126707 -0.0049157934 -0.001125322 -0.14344662
58ihmAsU2YNX0fejd34GbN:0.07100427 -0.10357693 0.011844206999999999 -0.07753361 -0.054202914000000005 -0.04681495 0.07739957 -0.06760258 -0.09587587
5GM6ToJIXaAHWQKbkTzfGS:0.05067654 -0.08074967599999999 -0.03603874 -0.09204007 -0.06443392 -0.028626205 -0.0020006301000000002 -0.060096387 -0.08438874
5JuHPpohOvyx08D9MAfkIe:-0.01851704 -0.06503229 0.019634476 -0.05667413 -0.0017611063 -0.101544425 0.062401816 0.011791566000000002 -0.066179104
5Pn6tENceHpaW6uWtzSwnh:0.053133372000000005 -0.07385465 -0.030940235 -0.09399265 0.009529717 -0.04058173 0.08142104 -0.03327365 -0.08204827
5gxrhUkZW7sv6E0Y0lK0ci:0.043480393 -0.0035978846999999998 -0.007130685699999999 -0.08041883 -0.0012693376 -0.11447068 0.019814802 -0.04422765 -0.11292694
5mKpNg4hqeqMOkCFWIWgTD:0.033122137 -0.07208213 0.046793394 -0.0691248 -0.05366961 -0.004615553 0.04803696 -0.034558862 -0.07925264
62ZxTubCrtxe31QedetTTT:-0.016539387 -0.05330269 -0.04365581599999999 -0.03138982 -0.06683253 -0.040345132 0.0006178552999999999 -0.0068308436 -0.023600687999999998
64VQ1cEHUUoCZknW9c11RA:-0.017192546 -0.06680285 -0.0279839 -0.06835358 -0.047509975999999995 -0.042234518 0.061749507 -0.052276224 -0.077860445
6HB2JAnyQc5ET3fRmmAjV5:-0.015475778999999999 -0.025284346 0.0048686224 -0.09076685 -0.06053503 -0.08014203 -0.009024012 0.026862904 -0.093048036
6LuQnYmDCanwoPXxKuIduU:0.011029461 -0.05858847 0.027774853999999998 -0.09268954 -0.03810148 -0.037013922000000005 0.060395073 -0.029744299999999998 -0.05978574
6MyH5oWoWAH1Ky8QN9AuzN:-0.06355896 -0.05379711 -0.018530448999999997 -0.14660227 -0.086379945 -0.12434139 0.07923912 -0.050301827 -0.14805582
6PXPaMGSftiqvJTvncNH0j:0.019380515 0.011129776000000001 -0.0043032775 -0.12647134 -0.019714784 -0.03697533 -0.012496708999999998 -0.0078107426 -0.09426059
6eLMAKSWsaRJ2FqkDSanZq:0.041258365 -0.010124266 0.0041233897 -0.037361786 -0.08577665 -0.09201163 0.016068100000000002 -0.025835643 -0.11640254400000001
6pE5YqGoCJ619BfLnFvSAD:0.0077134506 -0.036401752 -0.023053851 -0.10260043 -0.056112163 -0.07529434 -0.010596059 -0.038933564 -0.09294483
6pNQFjH7UiRRUohzimgK3j:0.0034591777 0.003287412 -0.017161077 -0.15716532 -0.08449595 -0.09296974 0.12298841 -0.095062725 -0.19151415
6u7gkxuLH88WxAyUAVMgOT:0.008479191 -0.05143613 -0.024644028 -0.13184382 -0.12816039 -0.11285821 0.07785897 -0.07226027 -0.04399531
6ytm9FG20ndz5cLWCUAU7V:0.05696426 -0.015573751 -0.019587006 -0.04521748 -0.033225074 -0.039282992 0.05489518 -0.028731111 -0.088974774
7Ct7YfsbyVf80ruoxL0Bvu:-0.018116118 -0.06526131 -0.09702489 -0.12768827 -0.06690953 -0.126075 0.041901577 -0.055684704 -0.09094172
7J8fHsuSY0JEh3o7ODzJ4k:0.06504492 -0.065940864 -0.042473875 -0.07981973 -0.03532885 -0.073371165 0.07932413 0.030639762 -0.08171217
7hquEdAGb3aKqjUlVRiUBS:0.040772233 -0.027980292 0.0048189783 -0.09043477 -0.04146936 -0.12544641 0.044394754 5.897062e-05 -0.13005403
7kmljzcVVr6Phj1IL27AVc:-0.02743769 -0.056506068 -0.048111804 -0.02846475 -0.050426457 -0.065467425 0.012794334 -0.07273222 -0.04259017
7oVFuwxUvnxUGdKxoLQuNg:0.050816793 -0.046699423 -0.051249145999999995 -0.05367377 -0.07047867 -0.013528785 0.03524892 -0.03379628 -0.04945811
7w9E1aY0Y7O0EmF2aEXYQu:0.03538884 -0.05714792 -0.051508047 -0.041950796 -0.04387191 -0.06467155 0.030353231 -0.05400224 -0.017726528000000002
7yAmgftBNQRkWCWtrwFvPB:0.05350117 -0.03686021 -0.01698007 -0.10688313 -0.066047534 -0.041124497 0.04877163 -0.0066954423999999995 -0.07591536
