0087fDVeNhuyMtST91RMjv:0.012834445 -0.13421197 -0.22440300000000002 -0.2444748 -0.10949703 -0.21136817 0.19158752 -0.082375504 -0.32465154
04EkY1xc5yYedjagb27ndZ:0.05631265 -0.18142045 -0.24297576 -0.23688859 -0.16078687 -0.191646 0.15171088 -0.15269169 -0.25927097
05X7f1tul1U1GYNkAKAVPP:-0.0059041264 -0.16168673 -0.19567266 -0.2610248 -0.11599272 -0.1658106 0.16986094 -0.17388362 -0.28153947
0GGfPhGuWC2JGc7hlvjLXa:0.0055076983 -0.16001025 -0.24048041 -0.35266688 -0.16493532 -0.20302214 0.1924899 -0.15504138 -0.37212399999999995
0Pnwzb8ekUAfXVnAAeDCZ6:0.003503938 -0.18560837 -0.23625328 -0.24651511 -0.09231335 -0.20219733 0.16415185 -0.11050107 -0.31196809999999997
0SzvXb3BAWgTHACbIXGNPa:0.0019101320000000001 -0.1516285 -0.19895703 -0.29867405 -0.18514343 -0.18545717 0.17334902 -0.07830969 -0.28636494
0YyM8aEdbjGfLWPn6fdcn7:0.022368101 -0.08415840599999999 -0.19033381 -0.24567944 -0.19933651 -0.2357451 0.19658917 -0.14485537 -0.27402633
0mqJsNkF3MRtBkRhzVskVX:0.033434517999999996 -0.13462009 -0.17920138 -0.21970443 -0.16038795 -0.20101914 0.17891715 -0.13909972 -0.27707353
1CCXbOX4HG7lY1U4f2JZdb:0.047112912 -0.12541988 -0.17981417 -0.24959525 -0.13274887 -0.23003055 0.15607200000000002 -0.15059568 -0.28644735
1GSpMJrmP63PJLhKJXVSp0:0.0463402 -0.17787583 -0.17852624 -0.2556221 -0.15866052 -0.22372498 0.2018047 -0.07381401 -0.31602353
1MkiRsYBkXbXvdiYvTTiQT:0.012300014 -0.19042279 -0.25822031 -0.18532957 -0.16903737 -0.19869204 0.16965239999999998 -0.13811962 -0.30627707
1RTcvQFSS9hTJC1wSoWpXm:-0.0005836273000000001 -0.17227522 -0.19958204 -0.18882516 -0.14702494 -0.17063043 0.18302605 -0.17392783 -0.31389195
1gcxmb3jJgMMsqQ9D1GUao:0.054471355 -0.099863224 -0.18841696 -0.28124955 -0.18482734 -0.1668095 0.12035894400000001 -0.15071441 -0.25917903
1ycpU8beNm9bXKvy7s25Jl:-0.022663644 -0.17396878 -0.177235 -0.296748 -0.16028348 -0.19145602 0.21222828 -0.16863276 -0.3160597
21gD3c0BUpor0wkpagps6R:-0.0075911824 -0.106278405 -0.2046476 -0.22086619 -0.14470093 -0.16490628 0.13456279999999998 -0.098299176 -0.29539862
2DaUQiGwZ1KTYSbXPJVF7S:-0.004760325 -0.13863207 -0.19483150000000002 -0.27835807 -0.16551775 -0.17821199 0.115856655 -0.14773087 -0.25913903
2Hyctbbu32vH8L4kJfVi0O:0.03743442 -0.14828429999999998 -0.24552175 -0.25021657 -0.16991915 -0.18291794 0.16530435 -0.133606 -0.24203879
2en4cKRrHmGnioqmG5C8OT:0.028846107000000003 -0.12776582 -0.21268713 -0.2787907 -0.15415378 -0.16181202 0.12158931 -0.16560823 -0.27593535
2qzxrN2smGeL33tBVs1TOP:0.02107648 -0.12781434 -0.18859625 -0.23778234 -0.114883445 -0.18123765 0.14186284 -0.14990164 -0.33017442
2scfoYmaEbyFnSTezCxRXZ:-0.020772768 -0.16643603 -0.23559469 -0.29760244 -0.13721198 -0.2382153 0.1770486 -0.114907 -0.2662366
390QcsRp5KlyVX2wqfv0Bf:0.02402451 -0.19167879999999998 -0.20286383 -0.28096592 -0.08333837 -0.22056710000000002 0.17627823 -0.14169249 -0.3002878
39V6cEoNFwDFRJEOKyj4OR:-0.008772615 -0.104001805 -0.23919169999999998 -0.25923938 -0.14705552 -0.24065639 0.21155597 -0.12970455 -0.28723046
39XrtvPQhBxJy3MoUzD4Zv:0.051186178 -0.12807865 -0.21417949 -0.21109989999999998 -0.15003178 -0.19608644 0.160418 -0.15911794 -0.29411787
3CNZqsCglIQS1VDKcnyxjR:0.05298556 -0.16839167 -0.22303094 -0.21256149 -0.18097256 -0.22419441 0.17535645 -0.13690309 -0.27797362
3CUCOcpXz01zb1oMAGK1nY:0.04895159 -0.13454439 -0.25400168 -0.24236864 -0.14191104 -0.17230797 0.19410133 -0.091132075 -0.30939364
3Gjv4p5LdrRFpntyFzd7WJ:0.005458724 -0.11963507 -0.1983117 -0.23331477 -0.13922152 -0.20912844 0.12012614 -0.15302454 -0.24106532
3YwfD0cybXGqudI6p7SN8m:0.02115638 -0.14708935 -0.23250810000000002 -0.28252932 -0.15866038 -0.16855776 0.13241921 -0.12804179 -0.25363627
3uYnS4OLCee25JtJdBLiK2:0.016650798 -0.12535532 -0.20263109 -0.28703642 -0.16820505 -0.19562325 0.14147997 -0.10881609 -0.28174087
3ukfMvDwOB0DjBiHhAlXKJ:-0.007941756999999999 -0.14642243 -0.16894253 -0.25304577 -0.16327353 -0.19531547 0.12564166 -0.12184012 -0.28651962
3vsH3cyCcuHKu34gP3dsaQ:0.03407751 -0.13095063 -0.20859072 -0.26027703 -0.13433628 -0.20013064 0.17667323 -0.065896966 -0.32083154
46rq5IQZbOUszZRY5Ys2Gp:-0.011538381 -0.13489994 -0.21744163 -0.23467383 -0.13700356 -0.20958184 0.20080331 -0.09177335 -0.33378068
4HRVIGmx0hNl4CoRuDXAcC:-0.025909808 -0.17616302 -0.2712366 -0.28123254 -0.1660819 -0.26391757 0.14487158 -0.10507971 -0.3389738
4MD1cJDScbGTpNINWjJuhL:0.01936077 -0.1617922 -0.1920822 -0.24052155 -0.18441093 -0.17676173 0.17712605 -0.14604223 -0.26577055
4UgtdWy4dm7vMVIupUbtMm:0.02555999 -0.18632420000000002 -0.20848446 -0.21704502 -0.14462939 -0.23948878 0.18005419 -0.09503129 -0.32761958
4XTRuRdnt0sBmRHt7gtbzf:-0.034418266 -0.11924773 -0.23021832 -0.23941010000000001 -0.14603655 -0.22425096 0.11329092 -0.14647917 -0.3120225
4iINeNmWub1EoHArvw2y0K:-0.0025828034 -0.14955416 -0.16414489999999998 -0.27485245 -0.16119212 -0.14947285 0.20511623 -0.14522652 -0.2734911
4mOjjXKDOR1sel6APULUaN:0.025694348 -0.16403337 -0.28320026 -0.26953259999999996 -0.14975512 -0.15476845 0.13344216 -0.11161821 -0.25596517
4rOru0jbmXm21Lpe6bBP4r:0.00052821555 -0.13479169 -0.18922679999999997 -0.2976353 -0.10307186 -0.24248295 0.11862558 -0.120904535 -0.29562047
4xAhwyWKlfDVk7VmAcU0dG:0.015582262 -0.1318651 -0.22882043 -0.2342317 -0.186852 -0.21834679 0.18114899 -0.09225022 -0.30480027
4ztvNcm17Ol4yhhUElRIBs:0.03833039 -0.15231594 -0.19627047 -0.2514342 -0.13645951 -0.20717648 0.15402396 -0.15611154 -0.28504667
5L9KPp0f6pbrN3QTcvNiff:0.050009715999999996 -0.15435776 -0.15976653 -0.265223 -0.13157829999999998 -0.15167774 0.1926672 -0.12143658 -0.32788697
5LfXREtoMJpBKpIIcekqOe:0.05910764 -0.18137674 -0.22676021 -0.24243098 -0.15486725 -0.14620899 0.17704067 -0.16352783 -0.32840505
5VeHJnW7PladMihw2BrBfn:0.06423211 -0.12843564 -0.1720892 -0.24682915 -0.16396648 -0.20981303 0.17522772 -0.13829337 -0.28879797
5tRnJ3vfeb4wL9veKqXqra:0.060669754000000006 -0.10180671 -0.20527393 -0.24487855 -0.099165365 -0.24260679999999998 0.16736534 -0.108205795 -0.24804954
60XzQa3DUqjGCKNFNJ5tGB:0.023457786 -0.18383497 -0.2831566 -0.32096928 -0.17245959 -0.21002914 0.17042284 -0.13745207 -0.317105
628A1ThsViFrgjqgRAy4aa:0.0067164116000000005 -0.10431605 -0.18429498 -0.24524406 -0.18443218 -0.26465362 0.13798523 -0.16532491 -0.28053649999999997
6VcngYPNEwmNV50bFCLhVJ:0.045141652000000004 -0.16851076 -0.15555385 -0.28602037 -0.14050038 -0.22324371 0.1696326 -0.113762036 -0.32914507
6WE7yCg72facr7GKQD6CA6:-0.021567479 -0.18167481 -0.21828061 -0.27467212 -0.1508038 -0.21085024 0.12344522 -0.12948209 -0.27628509999999995
6ZXCB6jR3kRtWPDHCKplZd:0.046680405999999994 -0.18253970000000003 -0.19906932 -0.27069238 -0.14207695 -0.20573296 0.15958175 -0.13770573 -0.28281182
6aDYL0klsShJ1NDScruk2G:0.010940571999999999 -0.16513988 -0.23381421 -0.28783947 -0.1880672 -0.18586196 0.13523792 -0.10592784 -0.2529927
6nufG7OOI9EvZUXZFqQrAv:0.019671831 -0.10633978 -0.20766461 -0.22283447 -0.10685068 -0.21314160000000001 0.14983423 -0.10661669 -0.296448
6pz4tdLoIDJdnpXnisSDCK:0.01439851 -0.14058328 -0.29079843 -0.31778672 -0.14867155 -0.20678331 0.20911154 -0.15447025 -0.30968413
6s97fltVQXax4ZFkZJdGdP:0.030314628 -0.12146111 -0.16266882 -0.23778035 -0.14672536 -0.21498694 0.14860474 -0.11412119 -0.29638052
78uSnDLxXyJfLszrkLkRxr:-0.01645345 -0.12604931 -0.16785868 -0.29669267 -0.08921231 -0.22907829999999998 0.14641798 -0.10456951 -0.3153551
792yvSSZPMqCyMSi5v7B8Y:0.04345591 -0.18209343 -0.21569838 -0.21867922 -0.15214716 -0.1984457 0.21491796 -0.110424824 -0.3257837
7K6eh0AbHofKGzQ0qr4iUN:0.07190658 -0.104317695 -0.21989570000000003 -0.27310964 -0.15431613 -0.18569191 0.16571629 -0.15598525 -0.23968744
7fgO3zinxXWukK6FxgGfRs:-0.01991391 -0.10179287 -0.15767774 -0.2655307 -0.09842967 -0.15650016 0.14102787 -0.15497474 -0.31371143
7gWKGNeHjIDUkNreiYYNdm:0.0368669 -0.13489382 -0.25931420000000005 -0.322144 -0.12510109 -0.23575795 0.19495827 -0.14762637 -0.36963520000000005
7gmP7nvw0YrJ190k0wVCiY:-0.005756931 -0.112066254 -0.1772852 -0.21414715 -0.1682662 -0.17036679999999998 0.17218791 -0.16615261 -0.25502795
7jJyXAVeJ41zXJxBkXe1HM:-0.0075439527 -0.17937146 -0.22001266 -0.25487265 -0.10649944 -0.1648885 0.16997391 -0.12388099 -0.32495559999999996
7qjZAAB8oE5UN9aZ9o4UGw:-0.01251094 -0.15294714 -0.23001926 -0.22427471 -0.17373805 -0.1686674 0.18688324 -0.09346904 -0.25227493
7rPUdfi1zM3DlnL6kN0xED:-0.031943884 -0.15264468 -0.28256038 -0.31494629999999996 -0.17623757 -0.182313 0.14126876 -0.12325447 -0.33912846
7ys0nIOI7CN7U6rWitFMTW:-0.008020392 -0.16042446 -0.21513307 -0.24455865 -0.10756587 -0.18606152 0.17744133 -0.123806074 -0.28915069
