02yXjU1Wm86IciepIZp39y:0.08242316 -0.22510389999999997 0.093458384 -0.3614898 -0.068969436 -0.12079690400000001 0.24046056 -0.054602477999999996 -0.3778655
034fc2hzHXqul6xrFBgHFw:0.12806457 -0.20252186 0.11013785 -0.3497995 -0.07424777 -0.18214492 0.18996955 -0.0954466 -0.36976025
04b44ffDvw8sUK3ksSgPTd:0.18447478 -0.16053979999999998 0.109916426 -0.28167534 -0.12782449 -0.15754499 0.22729850000000001 -0.09246681 -0.3566258
068otT25829gNnQAgi5kwb:0.096315585 -0.18540372 0.14857566 -0.32090664 -0.10994389 -0.18122955 0.22940461 -0.08845057 -0.29791257
0A3SUIYjmLnPfulqON59Oh:0.11565142 -0.15395471 0.15127215 -0.35591775 -0.07666491 -0.16466789999999998 0.21922998 -0.081052035 -0.36179176
0B5rbs6UDCXTgWwDgOwiBi:0.13466634 -0.21239272 0.10164119999999999 -0.31264287 -0.11194658 -0.18364567 0.18460275 -0.060122017 -0.39880294
0DxBH25UPFtFMfnPGjcRC7:0.15368678 -0.20702672 0.11488975 -0.34936717 -0.12893991 -0.16912836 0.22961602 -0.0641712 -0.35064057
0IggCnJZhq69NSOLMiNeUu:0.099688224 -0.17926909 0.14063303 -0.27942625 -0.08787666 -0.18509248 0.19195013 -0.086405024 -0.38191515
0K2gl7DCr47PkGDrunEHyG:0.13863473 -0.2216698 0.108111665 -0.35125706 -0.065459885 -0.1636715 0.20615296 -0.09326945 -0.41190055
0MFaO3AddgqsvMAWTYB47E:0.17139192 -0.16624507 0.08295449 -0.34021497 -0.110852905 -0.111713536 0.21495506 -0.050525665 -0.372192
0jNaJIK1uQl7xzOU9th5h4:0.14529571 -0.23312886 0.11301582 -0.33075905 -0.11695094 -0.21065143 0.21224338 -0.090715155 -0.3191829
0tfsZxaIOKoj8XFcGZoOsq:0.071081735 -0.21497902 0.12589738 -0.3551385 -0.10619007 -0.21545099 0.18488936 -0.020492941 -0.36386693
0tgPpaYb1unaBv9jSThdxl:0.081052184 -0.19876243 0.06924830400000001 -0.32454255 -0.047077335 -0.19086796 0.22828422 -0.030185788999999998 -0.33240485
0yrVPc09qjMk6T0PBCA7DP:0.10496658 -0.21425541 0.089665495 -0.33272186 -0.04711658 -0.18930423 0.20219666 -0.073059835 -0.38199288
119vl9xC50wEPpyXTUB7ff:0.15405391 -0.15079552 0.12912285 -0.33307356 -0.10958036 -0.109460704 0.22154337 -0.066085264 -0.3389527
16BXHcrJHWk6CZ4GQO5S9g:0.14966826 -0.1634239 0.11881686 -0.35702133 -0.07302075599999999 -0.17328641 0.15652065 -0.03546255 -0.3649759
1HntX7n9WRIcQbYb6ncfee:0.08524482 -0.2050949 0.12292773 -0.34049657 -0.062115118 -0.19505785 0.19513065 -0.06796875 -0.3871894
1I1hYSMmaFothRlNfqkzE5:0.094174415 -0.1617026 0.12502652 -0.36618555 -0.0774421 -0.11264791 0.18512754 -0.08839245 -0.35597253
1IYxHEPLjsL2gDHRSIM6Sm:0.09369487 -0.22077438 0.08767166 -0.28006053 -0.049755104 -0.19562468 0.21922831 -0.035706073 -0.40334404
1JEduTojBt9oJSXAqRrxEj:0.15965408 -0.17122939999999998 0.13766278 -0.32197148 -0.12362516 -0.17230746 0.24504225 -0.06229461 -0.36919686
1KNZS1Wbaji0OQlMMhaxiG:0.14359538 -0.12774223 0.0761814 -0.31250656 -0.044604167 -0.23827684 0.25085688 -0.12538883 -0.36542490000000005
1LZxoWw4LvjNXitgbqqXUu:0.17142099 -0.17976694 0.092276506 -0.30943623 -0.06778929 -0.20728077 0.2608224 -0.06597714 -0.36059514
1YGlDSSOLKLqENoW3gbO8J:0.06998459 -0.2319391 0.100040235 -0.34870717 -0.062970385 -0.13962881 0.15996353 -0.046319805 -0.41157788
1aMaOavu8x0nQUzkY7V7ih:0.12205353 -0.20323089 0.1182695 -0.32509392 -0.10929942 -0.10974575 0.21415527 -0.08364703 -0.40310773
1hcYi9Lig66pd4anMyUSm4:0.08445374 -0.22032294 0.09780697 -0.35654563 -0.08894785 -0.13015717 0.20200087 -0.10856001 -0.32275286
1hy43YVFEkWhDgeHK1PkDS:0.12080969999999999 -0.18978317 0.07400656 -0.30401117 -0.099731304 -0.16827552 0.21419545 -0.016027264 -0.39517608
1lTwu2bYPwV3xNPCTjwPum:0.11761812 -0.15970674 0.16363947 -0.35635456 -0.085064605 -0.18472211 0.20940067 -0.055430877999999996 -0.36481753
1oVtlFXS4ci7gB4d1qQc8p:0.08564088 -0.227413 0.112553075 -0.36488584 -0.06493482 -0.17918727 0.18023239 -0.08384788 -0.37613353
1oj0kWNp39YxONqiImXDrc:0.104948424 -0.20018555 0.14513895 -0.32336318 -0.10146583599999999 -0.17380977 0.23140703 -0.0679141 -0.39783493
1oo9Ky6aYIVw6QkSDObE0o:0.13171929 -0.17983983 0.13631453 -0.27947173 -0.13207939999999999 -0.15286346 0.21090244 -0.09321589 -0.35761917
1t6uokux9QU0aXmrtrFkeC:0.12933297 -0.19748424 0.09361563 -0.29182112 -0.11541339 -0.17857976 0.2326596 -0.07945855 -0.35017863
1tqvs8E8wDN3IrCtY4sBnd:0.16888050000000002 -0.16113111 0.094505824 -0.36277246 -0.09174550000000001 -0.16946872 0.18289597 -0.0654487 -0.33960196
1xnoCJqmMSg6gkUvpOcSpG:0.14065754 -0.1489016 0.087957256 -0.33765733 -0.08710658 -0.11573843 0.13734470000000001 -0.10247634 -0.3606565
22Vb6Sv12QCh0JN7qUgTNT:0.13426621 -0.16043557 0.15283728 -0.36475447 -0.10345897 -0.12605232 0.23848049999999998 -0.09321645 -0.33124653
22chcBMYr4Qr8qFFU5pwPv:0.14428328 -0.20571509999999998 0.10820023 -0.3225264 -0.118362255 -0.19657938 0.18394026 -0.08465771400000001 -0.34562445
23DaAkFILCqKyxIrpTTM9v:0.16097464 -0.17390202 0.06632868 -0.33677414 -0.12311348 -0.11251699 0.20745628 -0.057115432 -0.37730277
24px9NUCn8Ry2PB9yf9LlQ:0.15487406 -0.22171782 0.113635264 -0.3118195 -0.121184684 -0.18811415 0.19445020000000002 -0.10010672 -0.361319
2703ccLvV3pkFK01VxwsDN:0.10989752 -0.1754406 0.12384605 -0.35732612 -0.07925995400000001 -0.124614105 0.23102018 -0.031904243 -0.40637840000000003
27sJDfRdtqkSZremm4bk0X:0.17110337 -0.21489684 0.06062873 -0.35625526 -0.049273737000000005 -0.1814069 0.21783495 -0.05791238 -0.35476646
29IXmdHFtnoWKJWuz8Pm9g:0.12559359 -0.20418794 0.11540143 -0.3330987 -0.12773634 -0.16620286 0.18524048 -0.107445255 -0.33345836
2DdcJM0oK9tWb86zFa5y9p:0.15383759 -0.21035255 0.10997815400000001 -0.34415704 -0.10803321 -0.1515049 0.18532604 -0.09878003 -0.34628853
2F7pShnuKvuXxdzquMR6HH:0.10985191 -0.20559753 0.08787169 -0.30602777 -0.13582002 -0.14104483 0.15235537 -0.06325752 -0.34722447
2IWQcRfNtxhZQDNqGntdHG:0.11576089999999999 -0.22887258 0.09836152 -0.38420390000000004 -0.06297656 -0.18315832 0.22637872 -0.048333682 -0.39923313
2Ok9FjLZSIh1uM9DS270dS:0.15485376 -0.21890281 0.10908461 -0.3720407 -0.047329918 -0.18984844 0.20421867 -0.064910114 -0.3915296
2PBoEVa1RHRSMM97IEcTD7:0.1219653 -0.24310696 0.13727073 -0.31889617 -0.08764081 -0.1989246 0.20349866 -0.12616405 -0.36704442
2R71tEr6gxRbOmvi16Ew8i:0.09808476 -0.20427006 0.06482615 -0.34251177 -0.058774587 -0.17187327 0.18450443 -0.04770069 -0.34062040000000005
2e7WrDDUVWSs7M4RcRJi4G:0.14184159 -0.17901684 0.12136333 -0.37585264 -0.07449725 -0.18212175 0.17318869 -0.09632697 -0.35653043
2fOEpCwCnHWq0896SqsB8Q:0.1461942 -0.1508114 0.1130855 -0.33969685 -0.11450565 -0.15328865 0.23403224 -0.046846196 -0.33628923
2iKvMzDgtjtZdZ4wuIhQEV:0.11137354 -0.21763329 0.11733408 -0.32871905 -0.045693345 -0.124910906 0.25820622 -0.092506915 -0.39036912
2iUldQzoeLULK61zvQ2nlK:0.13576837 -0.20412445 0.125948 -0.34425184 -0.13231741 -0.16628233 0.20706889 -0.0717388 -0.31515370000000004
2ln7buIdzd95dvIAK4e0Gr:0.103532866 -0.17532103 0.1124295 -0.31891263 -0.07639961 -0.14382097 0.22127582 -0.0707073 -0.33629134
2o1HOGZZSfSvG8BgdhwPiL:0.13068761 -0.19344409 0.098933466 -0.31330085 -0.108054765 -0.17762345 0.17726922 -0.07907555 -0.36957538
2ojVbpk2LiySZZIKvoaYhV:0.15279956 -0.22633237 0.06291858 -0.29874253 -0.11296134 -0.1931816 0.18504193 -0.05250756 -0.37407178
2pMHnXZnkRMaf45xN2V9PN:0.09860797 -0.12002683 0.066074744 -0.41668649999999996 -0.1324904 -0.24105275 0.26853879999999997 -0.17587632 -0.40279025
2xERo5KxIgGEYRcPNT34SR:0.14823556 -0.19726521 0.10407811 -0.34368452 -0.12920406 -0.16072379 0.15954363 -0.045284822999999995 -0.3861607
2xLty9VBmArWOVWgqeXNTs:0.10823826 -0.21574028 0.07116412 -0.34197009999999994 -0.062804334 -0.15598051 0.24888478 -0.083239645 -0.33250663
30uTJQTy8BheHvYlTPemHk:0.12254088 -0.23790568 0.08233409400000001 -0.37515217 -0.14622818 -0.12028569 0.19141585 -0.040334858 -0.32816908
32sN8SNLFJ7cUJbNe3jVGE:0.09658028 -0.21425766 0.13064712 -0.3509665 -0.05739271 -0.18228012 0.22394076 -0.086468354 -0.3587553
36NEZSIsRXZKF7wpwXOkHm:0.08724743 -0.19406733 0.07686242 -0.27590764 -0.11120782 -0.11762597400000001 0.2214643 -0.021492193 -0.39434759999999996
38EKZnimoCwabJkLDEEoGa:0.13018939 -0.16432448 0.0848189 -0.3779744 -0.04091468 -0.11357263 0.18853988 -0.08714325 -0.38849086
3LUJnPkjyyo0PAwqff8EwF:0.113437645 -0.20046145 0.07209303 -0.34761387 -0.06749849 -0.14024483 0.20385554 -0.050793156 -0.38516999999999996
3MG1mjv9LtIL6sVKEz4zmB:0.110958785 -0.17157361 0.12300848 -0.28674805 -0.112139605 -0.14675394 0.14760284 -0.07548839 -0.39042106
3MKAcuQwi6yfBIGkoRjUgi:0.15412676 -0.17590317 0.10739019 -0.35529715 -0.13594094 -0.14592981 0.22960033 -0.088054135 -0.32241729999999996
3Pxo446jUCxNXTlHyf9VTl:0.1347558 -0.17051779 0.09164459 -0.31554332 -0.11691896 -0.10643557 0.21261649999999999 -0.03099431 -0.35730365
3SpFOof2YRADaxWZC7RaNd:0.1563497 -0.18680997 0.09369873 -0.28811193 -0.11800776 -0.19074659 0.22794072 -0.063965976 -0.34143484
3exGx9YurrpBwRHEJ9HxJh:0.13131966 -0.15146935 0.145799 -0.33224538 -0.09012846 -0.14501624 0.19623062 -0.0632191 -0.40972709999999996
3nmWtDD1yyHR4EEBUSmUK0:0.09863764 -0.15935333 0.08917167 -0.4007998 -0.07108744 -0.25427875 0.21057515 -0.101845466 -0.34213522
3rbArAd3OuJogI9nwUr8fZ:0.13390522 -0.19278926 0.12244934 -0.33788776 -0.048980523 -0.15319462 0.2166905 -0.07690509400000001 -0.4087774
45RJiu7wduAhAnmig4X2g0:0.051487755 -0.13732275 0.16735503 -0.34510359999999995 -0.044411633 -0.30509868 0.26163578 -0.12665775 -0.36806494
45SrgvzRt382FMVR1hNXMT:0.07053242 -0.22204968 0.13554092 -0.36640882 -0.10429263 -0.13542072 0.21735543 -0.05627932 -0.35704947
4CzXszK84XiWmT1WBe9AKa:0.16398759 -0.18069142 0.13641174 -0.358559 -0.12226346 -0.1846922 0.16771558 -0.095114484 -0.3421803
4EJhAyhkO1vToMNLM9RVIx:0.095632195 -0.19187742 0.09139676 -0.31683674 -0.07864334 -0.17695366 0.25617167 -0.03320613 -0.3732393
4Elt377EQDyrLgOKn5FYMl:0.1274224 -0.18426193 0.12869966 -0.31769547 -0.05257312 -0.14404847 0.20569694 -0.08052275 -0.42398158
4HQ24EjoXkpaJtyUq7Z3aL:0.11705788 -0.22468014 0.08058417 -0.32201403 -0.13377662 -0.15976343 0.20272098 -0.064562514 -0.32951012
4LGo3DcdqEeMVgsCplsDI8:0.10094927 -0.19650263 0.08479149999999999 -0.31056502 -0.12681651 -0.12817524 0.20098707 -0.08165192 -0.33491135
4MJfkNTJxoMVDHM4coxFRt:0.10130029 -0.17096397 0.08581718 -0.29498973 -0.06624398 -0.18439089 0.15197395 -0.029396212 -0.39593908
4OKYmflaKZ0R9a0UXUK7wI:0.08381158 -0.24163394 0.08313886 -0.33253303 -0.11406989 -0.17346227 0.22093682 -0.02550061 -0.3526606
4SmFXNdGboX5ioS15uXjiP:0.072586365 -0.14212495 0.118954524 -0.33359018 -0.06490179 -0.12081135 0.18366116 -0.081610225 -0.35925382
4TNKPEoL2D0dWsjQgW6MUb:0.15769081 -0.16063362 0.09660623 -0.27784353 -0.14076337 -0.1666475 0.22763512 -0.06767271 -0.34262270000000006
4UjHhD7ufe4SJMxTLX1Aji:0.12791833 -0.22961548 0.10083729 -0.29328507 -0.12314580000000001 -0.19607581 0.17639592 -0.040270183 -0.3541522
4VnHik9rMT83CMpkuirs6p:0.13775326 -0.19315283 0.07258536 -0.31786305 -0.062274035 -0.1347418 0.21113396 -0.12081734 -0.34469292
4Y5h7Nthz35GfTd64isbK0:0.10220032 -0.19994001 0.07904934 -0.3372887 -0.07925134 -0.16798651 0.14372091 -0.094821766 -0.34177485
4dYxs3c7RM4iEQnoitGQTB:0.085317954 -0.15408847 0.11521906 -0.3507841 -0.044968586 -0.12471163 0.19155909 -0.061721477999999996 -0.38641453
4h0rkzwcNZxO4Pnw4cEO0r:0.12702180000000002 -0.14279008 0.09522736 -0.3025828 -0.12216165 -0.15175867 0.18310341 -0.039024025 -0.34628066
4kdBs4P57WpIq4KT63eVt8:0.11926800000000001 -0.18051405 0.10388385 -0.32032195 -0.12950934 -0.14297554 0.16295710000000002 -0.04068516 -0.40126187
4rEBn2ERqb3jpQb1N5uZYu:0.11189468 -0.20994516 0.08620457 -0.32671514 -0.10683221 -0.099118546 0.22043766 -0.06588963 -0.38334116
4rmv1SmUiJDUWEnAEbRNK4:0.08930602 -0.21411738 0.10563684 -0.31728342 -0.03391946 -0.18876824 0.19628511 -0.06933325 -0.39487994
4wCV60Ud1NpiBzcu9XKdQb:0.11084764 -0.2316946 0.07980811 -0.27289322 -0.11778664 -0.15553962 0.2095 -0.08925311 -0.39108109999999996
4y7XmkxkipoJWUyi1PWDTh:0.09566047 -0.19017707 0.120512694 -0.30706882 -0.09371871 -0.14845403 0.22110587 -0.06460113 -0.36942843
55iRSGxK53FESzmYpggf67:0.093810275 -0.20019008 0.08465098 -0.36471325 -0.066049315 -0.12981017 0.22105443 -0.061538123 -0.32702884
56f84wXUz4XX24aLaEoXER:0.09487078 -0.18231735 0.12703378 -0.34870017 -0.05349741 -0.16399325 0.17874694 -0.041660983 -0.37454540000000003
56rhwY9LJaXmkwzRTQ2ISz:0.16633467 -0.21835771 0.0872249 -0.29696999999999996 -0.12833445 -0.19768092 0.25492746 -0.03977388 -0.40130022
5AtICMdU3JihQmEDQ4ltJ0:0.14515606 -0.23718978 0.10690739999999999 -0.34529945 -0.0825493 -0.18254845 0.23485993 -0.10152884599999999 -0.3550933
5LQ8xtLTSYRU7QWM1T0NGJ:0.10426329 -0.15197551 0.094722115 -0.2909819 -0.11718445 -0.15569651 0.15338194 -0.05865164 -0.3698355
5No5LRPQtaH01WYI77Q5dL:0.12907939999999998 -0.20646024 0.077900074 -0.29848979999999997 -0.12583432 -0.14432359 0.22631459 -0.040991507 -0.40122688
5QWmsmx3ofcrPOTdFURfFd:0.09267790599999999 -0.17809705 0.0874739 -0.26817152 -0.08405274 -0.15359434 0.18672426 -0.07005323 -0.32926646
5SX9t9zD8USseJZjyEDD00:0.13115849 -0.22099788 0.039275642 -0.33341238 -0.11890348 -0.1472317 0.18887757 -0.057860613 -0.33462444
5Zru4VtwaL0mdsJuhSVVze:0.0813654 -0.15601659 0.06252761 -0.34906393 -0.06892336 -0.09487023 0.22130403 -0.023124633 -0.34699172
5aPSB7sQTflevSxRuwwh0z:0.17332365 -0.15221304 0.07760534 -0.34441350000000004 -0.057471827 -0.14781602 0.1931989 -0.09060088 -0.36728653
5auGsMxra11Cuzyefk5apZ:0.10385409 -0.2290764 0.07521143599999999 -0.32680762 -0.097668454 -0.2032789 0.20260124 -0.038953982000000005 -0.33994326
5icq4MyU3OrdNpFmli4hUl:0.12599045 -0.18299223 0.077924706 -0.33754423 -0.08691003 -0.18914318 0.16842829 -0.052761562000000005 -0.36372665
5j4Y2Z9kk1tpXhclJIZXF3:0.15171006 -0.15088055 0.11772854 -0.34980094 -0.07884356 -0.15446936 0.17110105 -0.08616847 -0.3744324
5luy5GCbhkFjN62iXuMnwm:0.15214035 -0.15937138 0.07611316 -0.3399031 -0.09279056 -0.12659296 0.18110193 -0.08832016599999999 -0.33364272
5mLPTVNnyp7zJkmDOl4FIS:0.10910476 -0.1658551 0.03999378 -0.36082968 -0.07989500000000001 -0.14395486 0.15363847 -0.052304227 -0.34006447
5nvcwCiRhUMHPSSUZCUqbz:0.09765285 -0.16766009 0.07722645 -0.31619215 -0.1101015 -0.20680578 0.18358435 -0.12166806 -0.37413234
5of38jZIA79Wo7IBy5TL8S:0.089303285 -0.17681196 0.110773094 -0.31912354 -0.06600861 -0.13474679999999997 0.18002534 -0.04777976 -0.39093629999999996
5sIWl4TYTx4oofRdbykQij:0.13045353 -0.21601018 0.11480085 -0.3572592 -0.066963084 -0.1914807 0.24505097 -0.08656436 -0.35463476
5vcRI7tbs1bc2kGvf3BtNs:0.10882941 -0.21498859 0.06965715 -0.34096977 -0.0773312 -0.16185555 0.15203966 -0.028346947999999997 -0.39791563
63DdrdWa85nKAibLe7KSOi:0.14860727 -0.14905316 0.12445089 -0.34112159999999997 -0.063859224 -0.151944 0.20538487 -0.083349384 -0.3543745
65Ai0tqkrXNgsVrd6rWfQQ:0.08202503 -0.23678423 0.11625449 -0.333048 -0.09508851 -0.12130893 0.19935708 -0.09977875 -0.37282329999999997
661q43bTa1NMXxvgLCEQSA:0.16559231 -0.17346099 0.0860013 -0.28765562 -0.12827787 -0.19653517 0.21458057 -0.01562975 -0.3770196
6BpcBocCVpuCyOGSHiaWi4:0.10986908 -0.18179664 0.08898172 -0.32815945 -0.11398828 -0.16279598 0.1841307 -0.041711517000000004 -0.36445233
6G1YhTqIkk7hvox4d0ZhSq:0.10835442 -0.1773033 0.118287146 -0.35512868 -0.055005044 -0.1997892 0.19109048 -0.06084508 -0.40730962
6KnCWD77tF7c7EHxCRfZqs:0.12090955 -0.14510314 0.088789254 -0.29698205 -0.06675037 -0.18483596 0.20879476 -0.06170536 -0.3413795
6NAhKjk96nkna5TS6gIm2B:0.09999216 -0.18616685 0.13442172 -0.30254728 -0.06232163 -0.19392549 0.24827881 -0.033102714 -0.340954
6O4PYoaMdbpbmhPk1KAzSt:0.10383076 -0.20292477 0.11848974 -0.32120588 -0.10181739 -0.18161128 0.17694978 -0.08119503 -0.35200113
6W12qn3tfhbrhHzOHESPhb:0.09134777 -0.1467388 0.115879886 -0.30652678 -0.11776512 -0.11529944 0.22958320000000004 -0.031102976 -0.33921146
6aFFj4wzlvF4RkMuqqxi1Z:0.14389585 -0.19679144 0.1258809 -0.30182937 -0.055464674000000005 -0.16006078 0.24158262 -0.12459160000000001 -0.42438316
6c2eAEbA22V50dR2iNGbbi:0.116381094 -0.19481216 0.07948553 -0.30078320000000003 -0.07883414 -0.13527165 0.21367243 -0.09134426 -0.39075443
6fdcfKCPZDeHy9r3WXemwv:0.10277677 -0.16330603 0.09219573 -0.30586076 -0.1203906 -0.12827267 0.16872256 -0.052986365 -0.38113758
6gsd0653qu7ePqE2gXA2ET:0.14314285 -0.22252996 0.08172149 -0.27921623 -0.11909854 -0.18349694 0.20616852 -0.10255697 -0.3397309
6gvlaZ12Hf2oqx3RxEYgEy:0.07249417 -0.09660866 0.12724496 -0.39115828 -0.107629605 -0.31719717 0.21745832 -0.10852853 -0.35739294
6rByQVU43j5S4ZrrVV0c8P:0.12698676 -0.08687997 0.09669763599999999 -0.43511248 -0.07154031 -0.31931326 0.21774401 -0.13335375 -0.30757767
6uoac2JBpJUBQnpk9u906Y:0.09030762 -0.14355469 0.09018028 -0.2985555 -0.10976461 -0.15637298 0.15836979999999998 -0.07534167 -0.32438383
6uqEASETpkYXyQyjfJRad0:0.069023035 -0.20899022 0.08609225 -0.28279309999999996 -0.03977199 -0.13059057 0.22511642 -0.12580013 -0.3320489
6wEapEcOpZUzMQvR57nqrx:0.12663169 -0.15687079999999998 0.16520417 -0.35393962 -0.09228405 -0.15399641 0.2340792 -0.07106568 -0.3498047
6yoHujTJPpDtj6mN0pEAiy:0.13405041 -0.1645954 0.07044261 -0.33868974 -0.04968039 -0.1796622 0.14886056 -0.093829304 -0.34183982
707066vtzNXoOmKsk3z1Cg:0.08739671 -0.21810316 0.15727146 -0.3666487 -0.111470625 -0.11870173 0.23213892 -0.06781102 -0.39111075
73GxOgn5JRE863eLuSn6zY:0.12280092 -0.19807765 0.07530682 -0.31473204 -0.10005758 -0.13943692 0.22272725 -0.044616804 -0.37690917
74zJ7gFl9X3K0wPA7LX5LI:0.12292696 -0.18306598 0.14896072 -0.33183888 -0.08754036 -0.15797932 0.22057684 -0.061341535 -0.37624797
79qNdwUqPTWXCpLYvrj1Ur:0.14703561 -0.16537379 0.1189728 -0.31809333 -0.11757403599999999 -0.16655824 0.24896711 -0.021738683999999998 -0.33943012
7Lluru0kNHHKXVoGc4TPnr:0.16113617 -0.1445404 0.071158245 -0.2856336 -0.10468691599999999 -0.19750623 0.22748381 -0.04243521 -0.33548126
7c7eew7jGO7rQoVICrJyJc:0.13817374 -0.2148187 0.086975515 -0.3115381 -0.08084343 -0.14637956 0.19636293 -0.096868016 -0.41417129999999996
7g1A2Cr0eGN14tvXqgXW6Q:0.16322449 -0.2021363 0.07803569 -0.33537734 -0.14692317 -0.12828636 0.2099485 -0.08177283 -0.33379638
7jc7XVwR1L6TkEcCQaQJOS:0.14291134 -0.15461129 0.12387474 -0.35700935 -0.055919524000000005 -0.18502043 0.16573136 -0.09237248 -0.40073773
7jgjklTY6w8Yldr2o6cRCT:0.16714102 -0.1420108 0.08459580000000001 -0.30862403 -0.074430585 -0.16345702 0.21798684 -0.06525772 -0.39816877
7qdIR2jTfgOvsQSWHPjjIJ:0.08163796 -0.11698422 0.13980134 -0.38023874 -0.08015885 -0.25601622 0.25363088 -0.10897331 -0.37439868
7wSGWJSImNCaT86CHZvxmj:0.1462345 -0.19023979 0.09284266 -0.34117967 -0.11199690000000001 -0.17168106 0.16613209 -0.058980446 -0.38385442
7xPSSTuiHGxY1bVlCcwxmK:0.11442046 -0.22472137 0.06647711 -0.34747678 -0.106239066 -0.15170176 0.22347601 -0.051873065999999995 -0.29765144
7xaGkAcIuVs67NbDWDpIML:0.15932345 -0.16861258 0.13236162 -0.34957033 -0.12417408 -0.15388225 0.21555468 -0.0626027 -0.3520716
7y2IC4MerOLzQSS1Y6eyQJ:0.15769629999999998 -0.13520661 0.11152129599999999 -0.29759088 -0.06570891 -0.17500013 0.24101706 -0.049168874 -0.39841017
7zy4eMEClddp74eVnhQd9G:0.104042426 -0.17519829 0.093960404 -0.3367083 -0.093169056 -0.13388823 0.19221815 -0.05711099 -0.33650756
