04yvQYbWeqY6rPTcCPRSbh:-0.15016465 -0.12809017 -0.025699372999999998 -0.23305352 -0.1574249 -0.1304139 0.10674625 -0.15801151 -0.24866645
0IkkCvulqReXkOXOsRjnxw:-0.12589698 -0.15952360000000002 -0.08104634 -0.26534232 -0.18270920000000002 -0.14653108 0.13040113 -0.16544057 -0.20214985
0JDwY9o2QYJg11icyreRDd:-0.14986235 -0.11719657 -0.07215226400000001 -0.21495053 -0.18226033 -0.14856908 0.103045546 -0.21415062 -0.15960243
0NT7bG0uLW0O0XEryiSsAT:-0.14751272 -0.11366844 -0.08833535 -0.19021279 -0.18959162 -0.17649171 0.09966346 -0.08790339 -0.23621555
0TNeo89BkTzqlkUBtjxOxQ:-0.14756006 -0.13065746 -0.054426067 -0.2252266 -0.13299587 -0.19194104 0.11217795 -0.17927977 -0.21110944
0aEOFx8S92fZO3Ajt9U6VP:-0.1258493 0.010246555 -0.081458665 -0.23035713 -0.12431886 -0.11700436 0.08625352 -0.14778411 -0.25992167
0aSPaOg6egA0IMpPwcEdNE:-0.14034481 -0.11199487 -0.06007493 -0.23509355 -0.14534242 -0.18092734 0.08457224 -0.13034737 -0.17289358
0bkO85ncWxnvTe3YljHLxm:-0.14499633 -0.16482775 -0.07105788 -0.26271206 -0.20056334 -0.16898194 0.08704555 -0.10736085 -0.22520368
0rQM1U0sHJDslqGfiRvHXg:-0.14716353 -0.105489105 -0.06315692 -0.25371337 -0.15376432 -0.14257397 0.12003885 -0.15212162 -0.19868135
1C0rUCQ1rtkS7xILapoI1H:-0.094947234 -0.10061109 -0.07356647 -0.22081950000000003 -0.17653722 -0.16523287 0.059874027999999996 -0.12036239 -0.2611576
1cv5jTZAKg2XNcj36OCcMg:-0.12705751 -0.14423274 -0.064008944 -0.25301656 -0.13493788 -0.15336837 0.15185003 -0.12488511 -0.2227016
1kFTSniF8mxon9Fa01j6vF:-0.111090034 -0.14232199 -0.017135182 -0.23216532 -0.22428143 -0.15909117 0.14398797 -0.1923231 -0.21054403
1yITfdL4sLBlKFfyz8EZ40:-0.16996041 -0.09626889 -0.06353941 -0.1631881 -0.13610534 -0.11705962 0.10532402 -0.14907402 -0.25988573
21PPNl5DcKBZ2Mc28FUs4H:-0.11513081 -0.08649925 -0.024524048 -0.24952033 -0.21737683 -0.10978810000000001 0.12462639999999998 -0.14099078 -0.21477309
25G0ZRKQYoJDuyd1Ghdm7Q:-0.19376965 -0.14229375 -0.053067803 -0.19562556 -0.15977104 -0.12249067 0.10362666 -0.16113363 -0.26877449999999997
28WctYFXTOeQm4FTYgENyp:-0.22411801 -0.12954642 -0.033322435 -0.30354905 -0.26404348 -0.21684004 0.16138361 -0.14873347 -0.34101817
2BQ2eAOV8ksp5TJNwJFOmQ:-0.16768463 -0.0777385 -0.045615915 -0.19338036 -0.15676914 -0.14576927 0.074283026 -0.12949213 -0.24684387
2GBuBmABkppT7EZWPUkei2:-0.16471177 -0.14039245 -0.07220968 -0.24167660000000002 -0.1508233 -0.1946344 0.08291665 -0.15852239999999998 -0.1810898
2LXH4mOxhtBxC5yOFKr87J:-0.18611257 -0.15170032 -0.11224233 -0.21472628 -0.08749125 -0.10578086 0.16512446 -0.11939807 -0.22792982
2OTh7atTOHhWjZ4akUqfIG:-0.12175486 -0.14865209 -0.11321959 -0.22851725 -0.16377479 -0.11346923 0.13491507 -0.13951766 -0.24605888
2OrBxZtRSHajBHgfHVum2c:-0.13341318 -0.103794746 -0.027651137000000003 -0.19118416 -0.20157884 -0.12383841 0.17006433 -0.20654829999999996 -0.18063147
2TFeNjDgfSnUSQEKhpTqd0:-0.15596265 -0.10544499 -0.0743961 -0.25519532 -0.16013496 -0.13735005 0.117700204 -0.1148576 -0.19656341
2Ye0LGbytqjUkISvyrvScx:-0.14018765 -0.06942302 -0.07292808 -0.20358798 -0.20736834 -0.1987918 0.23061605 -0.13435315 -0.28655466
2gMKRAVaXgf9SAV84neQpZ:-0.12072666 -0.08375367 -0.0747939 -0.26296455 -0.1425642 -0.16656402 0.09645635 -0.10775505 -0.20394446
2kU8jORpeu3xCWAFYvLiPu:-0.18571374 -0.15753067 -0.07071836 -0.1919828 -0.14264839999999998 -0.17690894 0.16431591 -0.08807534 -0.20760944
2wYrEoP13peRLDEkdBbAkw:-0.11937576 -0.15666084 -0.028642947000000002 -0.24962707 -0.13007432 -0.17071904 0.11787267 -0.1936894 -0.26206544
30WYuFloWZ9CoFsxGCEfSP:-0.11439719 -0.120195426 -0.04152974 -0.24809058 -0.15007192 -0.1732418 0.13368703 -0.15318532 -0.18794878
3715raosL5jwlrMKTPLvoR:-0.15751244 -0.16140418 -0.09474064 -0.25260702 -0.12501521 -0.14362378 0.07167045 -0.1249643 -0.24299002
37mNHy9q3S73DPgP81n4PW:-0.121446185 -0.13578136 -0.08909582 -0.24704723 -0.16622855 -0.14900756 0.15445739 -0.13784403 -0.17368509
38O81EWPDp4mRQ1AQZsxvG:-0.1320838 -0.11443229 -0.035286788 -0.18209149 -0.2023846 -0.16594194 0.1493739 -0.15189727 -0.18887454
3BGf6TuypocUgbtBJBoT3K:-0.10930645 -0.10970606 -0.0656682 -0.26186746 -0.15010223 -0.115407385 0.12803389 -0.1584347 -0.2224101
3EBRbP1q46TExXjMjHSUWz:-0.1618249 -0.11022963 0.00010229004000000001 -0.22157697 -0.13471216 -0.11933274599999999 0.15720494 -0.15266068 -0.25330204
3JBvvrzVikxBEt2A7LGBih:-0.17317007 -0.15705004 -0.022413531 -0.19332346 -0.1425076 -0.16401127 0.11163106 -0.1978445 -0.25413442
3KMALkI9w7ve4uGjakjl8H:-0.10442346 -0.0810592 -0.047072805 -0.19397044 -0.16575418 -0.12631793 0.13471308 -0.16249812 -0.24358487
3N3KmH61w70SseGQl7JSE7:-0.18111779 -0.15760505 -0.026921012999999997 -0.23613735 -0.16296102 -0.17570552 0.08639292 -0.15462628 -0.22874127
3PD5cwVAsqTGxcvB7rP290:-0.14805418 -0.11157623 -0.08444807 -0.22221106 -0.13323678 -0.13127314 0.102167495 -0.11450548 -0.23989269
3TT5ttU0v4NTbMrFDPzbSr:-0.13391528 -0.11538712 -0.04963155 -0.21140492 -0.19827189 -0.18241094 0.15096165 -0.15521562 -0.27534166
3X5zRkzlpTiajlkI9QXQUz:-0.09216419999999999 -0.08926878 -0.11490600599999999 -0.26953945 -0.19545674 -0.17009285 0.19986716 -0.15156974 -0.27136225
3eRbMfzk7fmEZjdFiRd01C:-0.1586736 -0.13381524 -0.02517509 -0.20698768 -0.18257320000000002 -0.184798 0.09874625 -0.18272676 -0.20074503
3qBOIzKCIiyHFzi9Gf8I9s:-0.13562234 -0.12221973 -0.07416088 -0.19141161 -0.1840828 -0.12769175 0.18611564 -0.18815489999999999 -0.16434179
3qeP3pEXxQqIZ9ZHH8bfPo:-0.17883766 -0.13328661 -0.03581822 -0.23659772 -0.18138579999999999 -0.121650815 0.09829139 -0.19501138 -0.20871365
3uzR2b91PQ4qJULUJObscb:-0.15483373 -0.116703495 -0.014405473 -0.22094567 -0.20251177 -0.14904216 0.10985912 -0.17312954 -0.22960179
45kl9ELXzuQFudsDe8itjO:-0.12569927 -0.16740829999999998 -0.061930355 -0.27471343 -0.14342207 -0.14989424 0.17618814 -0.13624914 -0.22088160000000004
45thYc6JM37tzf4e55Oq25:-0.21179092 -0.11067664 -0.06964712 -0.20959899999999998 -0.13833946 -0.15690659 0.10358350000000001 -0.17454046 -0.2079714
46AvfGAKOM1tta7aHf8CZw:-0.1291637 -0.15683275 -0.035456706 -0.25846013 -0.1627305 -0.17543131 0.11210443 -0.15200137 -0.2555868
4Bk1GwfJAmPosGjXYH4Ukj:-0.15323418 -0.13265105 -0.023595003 -0.23985018 -0.15994535 -0.14840129 0.09180089 -0.19394709 -0.25488138
4NqiiK63rKwYTwHpPhmC61:-0.21931812 -0.11641964 -0.112918586 -0.23191069 -0.21555491 -0.19139059 0.17326328 -0.25978526 -0.25508162
4T0SQDQLFjAbBpp6kWlMSa:-0.13120262 -0.09767686 -0.06361049 -0.22930786 -0.17205817 -0.1818534 0.11006773 -0.121053584 -0.17895868
4jFciteCapgJ7lWoj8hjFn:-0.16120695 -0.14290413 -0.041741706 -0.25077215 -0.17231308 -0.17202708 0.09395192 -0.17182352 -0.20009708
54LQGpZ933eHOIy22zUQhq:-0.15686268 -0.15706573 -0.03481774 -0.18139407 -0.21010701 -0.15326713 0.15215358 -0.18415296 -0.20086345
59xYro2oalqGgVkGPjsPvL:-0.1159369 -0.10353562 -0.064029776 -0.18875681 -0.12907475 -0.12693498 0.16634113 -0.17834131 -0.20007661
5KOLwhTHQxpplOXl3VXrTD:-0.12112012 -0.13074921 -0.050782755 -0.22832558 -0.15639603 -0.13226782 0.11155201 -0.20225024 -0.22758701
5QpA7LADBx6kCbx1fH1Utm:-0.13425386 -0.14957108 -0.060151808 -0.22362709 -0.17642306 -0.16921525 0.092724465 -0.17876154 -0.23768787
5TCVIbO1A7QEftIfch9KZW:-0.19423111 -0.10318956 -0.038391624 -0.27705753 -0.2633243 -0.2562138 0.15215163 -0.16224617 -0.34689050000000005
5UGWy5zxrkTpAm4n45oAt5:-0.15344356 -0.11163727 -0.03005271 -0.26506335 -0.18416706 -0.13020696 0.0936349 -0.13486595 -0.22565715
5a0dx1SvXzIr4O3db4ZYwh:-0.15193509 -0.17178966 -0.030428495 -0.22778055 -0.17694756 -0.17306556 0.13061444 -0.1948641 -0.23554438
5dFXrbiBhX3bWwAV4q4T1x:-0.123653166 -0.13539515 -0.026583887999999996 -0.21989262 -0.18800970000000003 -0.16612716 0.13263944 -0.14997904 -0.20109086
5gHWazc05JCyRXDI8aJnpL:-0.10481189 -0.14235379 -0.02108623 -0.21640773 -0.20230158 -0.2039189 0.13687293 -0.16830556 -0.2090246
5pmxM11l815IU3wdoGliTB:-0.12436805 -0.09695774 -0.080870815 -0.21097803 -0.19839635 -0.17862041 0.08159575 -0.12560543 -0.16946208
63ix1t4Q3bAvlqBUzXs59y:-0.12391989999999999 -0.075050205 -0.025754513 -0.18459156 -0.20730966 -0.14382434 0.10226603 -0.13210627 -0.22041179
6Aqpn5KEHX7qHEnpCuo2QO:-0.17383242 -0.066424124 -0.038126282000000004 -0.26379362 -0.12859648 -0.120856754 0.07481062 -0.13258784 -0.24804156
6DH5Tch6Z1QE9f0LldlV2r:-0.124429576 -0.101340465 -0.05974187 -0.19327885 -0.15959373 -0.15830971 0.111281626 -0.1515378 -0.25161853
6Hw5fFCOPCSfpbOkJGjXQ7:-0.19227074 -0.12564762 -0.02203264 -0.23145820000000003 -0.20680548 -0.13778989 0.10296259 -0.12354108 -0.22156717
6KKZqTVIIXhvb2TT2y9nHF:-0.12159615 -0.07994663 -0.016199315 -0.17646919 -0.22240788 -0.1892856 0.078447536 -0.17199808 -0.21939951
6KPxF2roKTJ4QUJwUIGfyX:-0.11879655 -0.10621928 -0.015007706 -0.20910567 -0.19345601 -0.15873648 0.15513147 -0.16074948 -0.1956329
6MmwIZma3xJwDb6JxPo17W:-0.10840316 -0.09767490599999999 -0.082902 -0.24607188 -0.13310136 -0.15675561 0.13244785 -0.09484912 -0.22150357
6gsFdWffVEtdKlRldVOrMl:-0.12273611 -0.11323789 -0.08864662 -0.17105445 -0.15805951 -0.16506827 0.15741469 -0.11605023 -0.26526874
6l1Kap5VnbyqjvC7egGAvM:-0.10612802 -0.09527471 -0.0389402 -0.20685126 -0.18733051 -0.16413775 0.13276772 -0.16597155 -0.22613062
6lyOFL6tStMZcTM0z3WNRB:-0.116324775 -0.1169395 -0.03636022 -0.22499226 -0.21396407 -0.14719014 0.09286844 -0.13702412 -0.21260391
6nhV8EiqPIE53faXNAafqX:-0.14762306 -0.096501626 -0.045976422999999995 -0.18347117 -0.19324657 -0.19853258 0.07136961 -0.18059953 -0.19465722
6t3JC4LWosWB7RiKfEcdrF:-0.17250356 -0.113757804 -0.07802275 -0.25130990000000003 -0.20574838 -0.13945687 0.09148942 -0.11226965 -0.25471896
707VfFuM1uGG8QVGtTjsdc:-0.11002874 -0.14076263 -0.102759644 -0.23939989999999997 -0.1653509 -0.16849059 0.09936807 -0.13821068 -0.21390823
719xV5o4fIwLXXKtvvcBod:-0.1378157 -0.07076546 -0.04794756 -0.28894684 -0.22222467 -0.20430098 0.14155103 -0.14432348 -0.2128036
76wPoKJyZMENIRKqyejdpr:-0.21805294 -0.13272226 -0.031946033 -0.27997828 -0.20093077 -0.17219296 0.15244472 -0.163519 -0.2662912
79gW1gcXAmju1hbjNiQyd2:-0.15069331 -0.06279615 -0.028982557000000003 -0.22593755 -0.18298718 -0.13046892 0.12448409 -0.10872769 -0.19019154
7FdRx5M3ihEE6kPiiK6wLe:-0.21293099 -0.117952704 -0.15845197 -0.31524512 -0.19634032 -0.19872375 0.17297645 -0.15010104 -0.24625151
7KJuROcMURsWiTBnvUKtbK:-0.16550447 -0.08788952 -0.033499956000000004 -0.22182341 -0.13929696 -0.18725836 0.08663264 -0.15665227 -0.22711994
7cqRIDtEEOTXbwoIzAK40z:-0.104080215 -0.08419085 -0.049385343 -0.27906936 -0.18033808 -0.13250279999999998 0.16375288 -0.17543893 -0.22057006
7q4TPSn0xl17IyJUOaRBuX:-0.14894375 -0.09791429 -0.02978793 -0.20553662 -0.22302957 -0.15975721 0.12982367 -0.15838310000000003 -0.20462787
7t8peCC52KyAZ2LOt4poe0:-0.13952777 -0.14730756 -0.025439892000000002 -0.24196309 -0.15096687 -0.13173893 0.130365 -0.16274165 -0.24467742
7w9uC59R7VtDP8O1Bi3awj:-0.11461303 -0.10569891 -0.03744355 -0.20262529 -0.16842487 -0.17567651 0.10037807 -0.13235196 -0.25020126
