02uRCMxwVsADO15u8DSIFR:-0.13416973 -0.049087524 -0.07497617 -0.12314081 -0.19635177 -0.10600277 0.16740695 -0.11105177 -0.2057264
0Ani4BhvATola7f96IRk96:-0.12619866 -0.13940682 -0.11032107 -0.13169292 -0.17747776 -0.10645475 0.18557739999999998 -0.1122374 -0.24474179999999995
0P2lT4veiIXRfdfM72bogE:-0.10978328400000001 -0.05733832 -0.04062456 -0.14055279 -0.22208455 -0.10409337 0.19089569 -0.11051415 -0.19988741
0QiQ1fWh17PMSuOoMMI8YN:-0.14738879 -0.100035526 -0.099757746 -0.18115188 -0.15519639999999998 -0.058273736 0.16562022 -0.16876118 -0.20461994
0YFLr2N5s24jW2UOfcudqb:-0.08496722599999999 -0.055977404 -0.023863633999999998 -0.18305816 -0.20396136 -0.1211049 0.117572576 -0.10944899 -0.27431837
0YK4RDyccDYO5aWQGKMZ2h:-0.13041155 -0.061336108 -0.110649206 -0.17724381 -0.19043359 -0.063270144 0.17519629 -0.08609619 -0.21002512
0c26AuUOwLnGKuCWKWhIGm:-0.08783749 -0.06905672 -0.040331099999999995 -0.1579578 -0.18093477 -0.11660709 0.13356529 -0.12130782 -0.2859447
0kMd8zEVTx3zEeO4qis1R2:-0.113751546 -0.11209148 -0.09604631 -0.15221503 -0.21784076 -0.11060443 0.107289635 -0.12811483 -0.28198429999999997
0snqnBbzkmkHPEdkUIdxIu:-0.08838414 -0.04799799 -0.11278588 -0.14623399 -0.15300019 -0.12495607 0.14231353 -0.111590356 -0.22175398
1504k2wy349EtgioaW78Ht:-0.10367522400000001 -0.046680924000000006 -0.07299948 -0.15142779 -0.13258387 -0.11069733 0.1014567 -0.14283836 -0.2697829
15vJa5sohau0gFSZqrFVgM:-0.14648293 -0.12883225 -0.054802585 -0.18318094 -0.19897842 -0.061785854 0.18090989999999998 -0.15851411 -0.23035456
18RYJMiBo4qsWScA8LgPIv:-0.11731738 -0.06607335 -0.06332514 -0.20347272 -0.20125291 -0.04723731 0.14972162 -0.107463874 -0.2642152
1Ax2B2u18IaCr1GQqJqJ8N:-0.089354396 -0.09255393599999999 -0.12324726 -0.17294998 -0.18878667 -0.10390430000000002 0.17451347 -0.09225941 -0.24346048
1Bq86AS6wf5a5cEB8CM6dZ:-0.084986575 -0.08509301 -0.04897925 -0.1730082 -0.18724385 -0.12084914 0.16686632 -0.13833979 -0.22302811
1I8FfCuYjlXxeQlfPxjQbB:-0.085039355 -0.110786594 -0.08096514 -0.19253853 -0.20921075 -0.054618064 0.14331035 -0.17196716 -0.23364131
1IcbQvHb9B7MikgQjfJtAl:-0.10119489 -0.09848287 -0.10268244 -0.14395103 -0.20765786 -0.08543680599999999 0.13750269 -0.16890986 -0.20112623
1PjWD4LhKbWW908dkGy9dT:-0.13354032 -0.1251785 -0.08722005 -0.19731410000000002 -0.20837446 -0.12015474 0.17233057 -0.07327295 -0.20856509999999998
1R9Gn3Mo3PGOLSMfN5GBPL:-0.15627755 -0.05321933 -0.046167687 -0.17825782 -0.16263902 -0.050280865 0.19977598 -0.108675614 -0.2584006
1TVHqlYQPZuVHNxSNTw8qd:-0.17823789 -0.14140677 -0.047502222999999996 -0.16517185 -0.15553503 -0.04799247 0.21939361 -0.119392626 -0.28736259999999997
1UINnw1bpndMtOwxdq7j4B:-0.11416952 -0.13764903 -0.068854704 -0.1852616 -0.1933113 -0.10868005 0.18260637 -0.06819332 -0.27955285
1Uy3G9oJec7B29fgasb8m5:-0.089832135 -0.03599175 -0.06365811 -0.14113635 -0.20665888 -0.05044501 0.12760983 -0.14726163 -0.29401228
1Vpdvxhov2DpSq1BSx0wj8:-0.13095501 -0.12050271 -0.10958903 -0.12314891 -0.21873493 -0.05223075 0.1275655 -0.122925475 -0.27687478
1WwTdFpn163CjIevCiNhHZ:-0.15331464 -0.07028469 -0.032348514 -0.17654416 -0.23341887 -0.09608319 0.13500082 -0.11199666 -0.21624239
1Yxg9XzWUCKFX0ynQAzw2d:-0.12186099 -0.058153674 -0.09026405 -0.18559283 -0.14846939 -0.07251776 0.14986245 -0.08221693 -0.27063218
1bvVToFikFAx57iymf9NSC:-0.11460529 -0.08769092 -0.091361046 -0.20846987 -0.17616966 -0.057646032 0.1722078 -0.090751424 -0.28583494
1fbenbaBdr8ppDeGMOX121:-0.13563852 -0.060270414 -0.10423881 -0.12651372 -0.16332212 -0.10316785 0.11382366 -0.14503802 -0.21082124
1nIr0VNKnDMvUryQk8PJes:-0.1572139 -0.073012955 -0.084014155 -0.14649735 -0.22184484 -0.050678864000000004 0.19290489 -0.108876 -0.21016495
1s5ILOAd8dhUSl7srMvAvB:-0.14489016 -0.10832305 -0.085383095 -0.19676182 -0.19582592 -0.08665813 0.12040437 -0.09506546 -0.2863368
1y0pnyyvVXWJE5rt3YBRCQ:-0.12370086 -0.044261348 -0.04976072 -0.13124691 -0.216779 -0.11096271 0.13510004 -0.10170694 -0.25772977
22CaPGsl3Lqwx9PSn0s6M3:-0.12065039999999999 -0.05643185 -0.08486898 -0.19300212 -0.12306772 -0.11114421 0.20066048 -0.07981973 -0.23941347
27SyVzLAgTrAFeePw4SiOl:-0.13217917 -0.13286938 -0.05240182 -0.19148019 -0.23021309999999998 -0.05801204 0.17430410000000002 -0.12376009 -0.26989892
2FqosNGYTFddG0Ev62wKEa:-0.13917819 -0.068913236 -0.08538059 -0.1129713 -0.19216682 -0.071474046 0.19075122 -0.12770405 -0.224794
2TihKW8ShdEEhKN3PSDEIq:-0.17350665 -0.11407739 -0.08738953 -0.16971514 -0.19577801 -0.09515221 0.12440746 -0.09026331 -0.24999201
2XtMDVQz1UZXoyVNpqOGrp:-0.08609612 -0.058952823 -0.07262007 -0.16738172 -0.21353363 -0.08862469 0.15868945 -0.12792538 -0.20279048
2bs9JIg5cJRZWZWwDFy115:-0.094258405 -0.06703364 -0.046764035 -0.18026899 -0.21125425 -0.06261799 0.13691074 -0.14061184 -0.2539541
2dvyNlZ8jkLq4DMzVVyXQH:-0.10690236 -0.109987065 -0.075936444 -0.19595598 -0.20283556 -0.06622494 0.20181541 -0.112967655 -0.20584026
2g2ZjM1GjY9Lf2Ff0L94Ul:-0.12088039 -0.04984384 -0.12445232 -0.14757049 -0.17715365 -0.06548478 0.17182486 -0.10682889 -0.20800626
2jq2SaLa7BeUtU6Lx9bxGU:-0.14213032 -0.07668028 -0.073936716 -0.15179133 -0.19655029999999998 -0.10023386 0.17309797 -0.068143465 -0.22400317
2ksxfgBllYwJLQ39eAQhca:-0.17096022 -0.1087099 -0.05824936 -0.17161098 -0.21108529 -0.06265159 0.19175561 -0.080047965 -0.24290684
2olL4rFk9Owz90CJG3Enpq:-0.14865889 -0.09597446 -0.0922221 -0.17337220000000003 -0.18084322 -0.08312743 0.1936601 -0.08259904400000001 -0.24037324
35rdR2F54VREUKZQQRVcpR:-0.15369354 -0.112856925 -0.118382715 -0.19229428 -0.14414689 -0.05819988 0.16606189999999998 -0.14725153 -0.22333324
3HyZgJiwN2wP3mnqPcZLp4:-0.12678221 -0.11745865 -0.11371512 -0.13981210000000002 -0.17090712 -0.0684359 0.14418721 -0.1685772 -0.26675797
3LFG5DqNQRK0yL6WNMw99P:-0.10477723 -0.092024595 -0.13099992 -0.20132074 -0.16456619 -0.04332302 0.17410484 -0.11729966 -0.21878399
3LcxBViPq4H55iZasrqa9S:-0.12745784 -0.1104271 -0.080284856 -0.20048739 -0.1753289 -0.05084713 0.18217997 -0.16045071 -0.23961736
3SWIpewrd1V1iw09lim55f:-0.15895733 -0.10275805 -0.107363135 -0.16754295 -0.17150006 -0.08001035 0.17494243 -0.14614582 -0.1857662
3Wj8ccnNMqoMUl4WO9UMIC:-0.13177998 -0.042787023 -0.08527805 -0.11452243 -0.19772142 -0.08805332 0.15696393 -0.14562485 -0.20141935
3ZTped5XWH78zz0uq5qTrj:-0.11292179 -0.09025889999999999 -0.04778738 -0.12655836 -0.19640143 -0.13378751 0.17569482 -0.11094414400000001 -0.27738205
3dVUlaOevOnBSzJ6TXZwNq:-0.08889957 -0.10056473 -0.06504014 -0.13682555 -0.21741620000000003 -0.081160545 0.21223909 -0.14551462 -0.26048324
3hQXQwWD3isISkMF70khzl:-0.07408393 -0.112138465 -0.11738441 -0.13211155 -0.18466398 -0.14261039 0.16739838 -0.10247963 -0.24694489
3hjGB7hru53bL066kPSCro:-0.10691289999999999 -0.10097085 -0.113797255 -0.19963896 -0.16981104 -0.07495507 0.13497527 -0.16638121 -0.20078120000000002
3ijCrqD5gxXuW1LLWT1F8G:-0.13794912 -0.0913965 -0.046982888 -0.18605752 -0.1491068 -0.09303772 0.13796915 -0.15856652 -0.24325965
3koAji2jYclgEY6ocR1M5r:-0.14765073 -0.14164467 -0.10015809 -0.14602207 -0.16557439999999998 -0.11670366 0.16845323 -0.15436877 -0.2267927
3mvE3LbkskNnoK5p38Rvlv:-0.1162652 -0.116863064 -0.07178283 -0.17890611 -0.20515342 -0.085538015 0.21425216 -0.12398574 -0.24986675
3oByUMK8GaKyzFlcatXZNC:-0.16919717 -0.11197998 -0.04236812 -0.1936032 -0.20858482 -0.05231842 0.14628553 -0.14199322 -0.25747287
3uo010L42FEOYudkBXPbPd:-0.13089131 -0.10761936 -0.049132876 -0.1663816 -0.15912102 -0.12587282 0.13611327 -0.10334460000000001 -0.29012537
3utU9iWEKXEQ0frRUbxJ2p:-0.08290664 -0.11187091 -0.10020948 -0.17914155 -0.24733818 -0.0627993 0.1878151 -0.08983768 -0.23603073
3v7wCCCAalarf1HShBi4QB:-0.16124435 -0.065844424 -0.04802242 -0.16494295 -0.1558717 -0.09932594 0.16915385 -0.1151911 -0.23514549999999998
44mr3ypWNHa0inr3heiOb2:-0.17171945 -0.112971365 -0.04742881 -0.16391842 -0.1812889 -0.045421354000000004 0.19465461 -0.15520205 -0.22753473
45wqPwIH4A5cr2IyyD4WKf:-0.13681285 -0.1076244 -0.12434357 -0.23619115 -0.23413384 -0.1423902 0.24968850000000004 -0.1594659 -0.26650465
4BQMlG5VKApk9AdIsjxDqx:-0.09758641 -0.12634842 -0.07037775 -0.14178969 -0.2198409 -0.105012015 0.17562784 -0.13327324 -0.29108444
4G8IIPYlqcsvGuFz5Sisx3:-0.100687556 -0.06378890599999999 -0.091522545 -0.20745234 -0.20390455 -0.051112182 0.15716113 -0.10302473599999999 -0.18950675
4Gb5mEuhrmdFyEeRzavV3x:-0.11360159 -0.113304816 -0.10991886 -0.1931098 -0.2164875 -0.048597515 0.1345797 -0.13713343 -0.22981790000000002
4PNi30UilK0CZi2z9wegMQ:-0.09029809 -0.061537825 -0.08250436 -0.12320306 -0.18094085 -0.05875556 0.19822447 -0.15918529 -0.23211019
4SjkLzyFBVXaxuB6SbJyJN:-0.10340007 -0.08275942 -0.061974246 -0.17177695 -0.21665473 -0.045486405 0.1858999 -0.13363472 -0.21702988
4VgVPd6UhwrRWXDr6U4XZT:-0.07135677 -0.049406275 -0.11348512 -0.19268018 -0.18066248 -0.09669285 0.19344871 -0.06659692 -0.18968406
4YcJ8mRdGh4U458wvOKf8V:-0.14798246 -0.09473118 -0.03859027 -0.16043755 -0.17351885 -0.06937934 0.18475676 -0.15218695 -0.25933608
4YhPcVIxIAJrLhFVPGbJkE:-0.13229959 -0.032025777000000005 -0.08804629 -0.16081682 -0.16110042 -0.077463165 0.15089901 -0.098243415 -0.24668779999999996
4aD18gS9Lbp9XMmXS4qu0J:-0.11842521 -0.106355496 -0.04946494 -0.21996538 -0.19404946 -0.07742809 0.14732753 -0.10720708 -0.28330079999999996
4l2NDSFAWit191gsAQceWu:-0.11768796 -0.09212469 -0.0750464 -0.17270239999999998 -0.19543263 -0.09568729 0.13206463 -0.12402501 -0.26084727
4revJP0rl6av0vywsDujuY:-0.13369624 -0.10875069 -0.09259679 -0.12939139 -0.20915926 -0.07955912 0.19076169 -0.08856922 -0.23869949999999998
4sFVdIwmVj2y87qqOWwSU3:-0.11823093 -0.07753491400000001 -0.16097519 -0.14598894 -0.17764854 -0.063115604 0.13433948 -0.11108174 -0.23871924
4wQQCOZjrzyTDBuSS1vD7m:-0.121830165 -0.089982435 -0.060082663 -0.12108019999999999 -0.20542894 -0.08628417 0.19292752 -0.11343222 -0.24919531
4zcfHYvIrkw9DruZVPsE1t:-0.104576305 -0.055681318 -0.06446735599999999 -0.20452465 -0.24351823 -0.045793317 0.14754048 -0.10999695 -0.2071399
5180JY8ottJGHaMRnrsoqf:-0.15495079999999997 -0.059807945 -0.052895468 -0.20113635 -0.14958702 -0.055708244000000004 0.118864775 -0.15808039999999998 -0.26973945
53dLUU5sdy9MdNBFccrxir:-0.09769744 -0.073891506 -0.07410028 -0.19749412 -0.19020016 -0.05785040599999999 0.18239243 -0.13992491 -0.17257060000000002
57HLdQLkvt8GJdKxPEUr6F:-0.08918754 -0.10711666 -0.12364678 -0.17674951 -0.22565182 -0.07924239 0.17941279999999998 -0.13124979999999997 -0.20523803
5D2vCFrujblO6LRhucqvhU:-0.11111646 -0.07397305 -0.11835058 -0.14652345 -0.16843075 -0.07855023 0.16343425 -0.13920003 -0.22165109
5Jvlia6IWKjYvTEvXUYr3L:-0.079487145 -0.043068167000000004 -0.103643894 -0.13991617 -0.17570628 -0.057893883 0.1639625 -0.13119385 -0.2410623
5LVWGCl4mjGFXDIvQbOGvr:-0.15045917 -0.06657314 -0.08399063 -0.19303535 -0.18753973 -0.08127471 0.1487895 -0.10442312 -0.20724788
5Qkc85rI8lcfiv08vO82El:-0.0872597 -0.10577491 -0.13140745 -0.22107184 -0.1626673 -0.092868276 0.20377578 -0.09826855 -0.20316838
5T5aDOGm233dx4tGZGnneR:-0.11051892 -0.05603803 -0.06935146 -0.12777595 -0.19322753 -0.12574658 0.19019648 -0.088949494 -0.21210810000000002
5bm2GTEiU87Z95jX03y2Qk:-0.16049857 -0.11817279 -0.077472754 -0.12130507 -0.22828235 -0.101542585 0.17593683 -0.086702935 -0.27484134
5cbCnqKDitQMw9v5T2SdJQ:-0.12790957 -0.11657041 -0.11332648 -0.12350283599999999 -0.18540615 -0.08101098 0.20964395 -0.10981608 -0.24909046
5sOpeP5v7OqVZgrZxaKPc8:-0.1275658 -0.05236596599999999 -0.06661279 -0.16690199 -0.14643554 -0.113966174 0.1843395 -0.12908542 -0.20586428
5w11scFjudri4rCcfd1ik0:-0.09191331 -0.08084409 -0.11039444 -0.20566346 -0.16690505 -0.06106803 0.156299 -0.15614526 -0.18568884
69NfeZsDdkiZatgrlFZ8eh:-0.1521469 -0.08086349 -0.11326247 -0.19411996 -0.21183875 -0.05906319 0.14690553 -0.09581623 -0.17876686
6D4frKlelg5IBsBjGbpNHq:-0.16025811 -0.051055777999999996 -0.079346396 -0.114673935 -0.13409579 -0.10907032 0.11515639999999998 -0.14135845 -0.25909758
6F2EvbF7TOEDu5YRoCCmsy:-0.10011503 -0.05264773 -0.09529454 -0.13665882 -0.17090951 -0.10737651 0.20511705 -0.11322076 -0.20927803
6FVMxpwO6oedEVTScMQveQ:-0.16087532 -0.074677564 -0.07001879999999999 -0.2109064 -0.19227226 -0.08547189999999999 0.13774917 -0.108943895 -0.20168339999999998
6Gj3OGDmfOwLU48XYfnNz7:-0.10183668 -0.09327233 -0.054313942999999996 -0.1926382 -0.20971507 -0.11579064 0.20022582 -0.09161247 -0.19746539
6LEFk0KHRfahO5pOMJlbdV:-0.14492217 -0.056365192 -0.06733259 -0.19975813 -0.15201414 -0.07098964 0.14131702 -0.15004551 -0.23261228
6U57UGOXPCy5RrN3HTnigY:-0.11540267 -0.054789834 -0.039803452999999996 -0.18415983 -0.16521706 -0.10985419999999999 0.18459438 -0.12843008 -0.21444401
6atcwXV7B2ifRmQM2ZflwN:-0.12267199 -0.13059695 -0.14352821 -0.17215458 -0.14948203 -0.13470799 0.14139132 -0.094877675 -0.2115969
6cjVsoefZcmmZZYzkvAHEK:-0.16158965 -0.11197463 -0.080312066 -0.18447071 -0.18326697 -0.09855879 0.11992868 -0.15715885 -0.20484717
6czcgwoY6kerruUTpB39X3:-0.17588714 -0.111395106 -0.069276355 -0.16128397 -0.19742957 -0.07756627 0.15855183 -0.12033516 -0.22094007
6eroFpjEepjMj9di2ankqD:-0.12523727 -0.07805173 -0.06293466 -0.14085566 -0.18174668 -0.14982417 0.14311373 -0.14221802 -0.21590574
6fMtfkr2Rshiv2tQ6cYo7J:-0.15526589999999998 -0.07532443 -0.08986617599999999 -0.15159306 -0.14827126 -0.09146326 0.1831014 -0.11153139 -0.23665506
6gquljDBW7rE6mCBzmTRxo:-0.16798156 -0.07733452 -0.066716306 -0.1663392 -0.17946376 -0.096622385 0.12669313 -0.11786876 -0.22848275
6khDjNLbtrBnJKWDbR3l91:-0.1304128 -0.053993865999999995 -0.05454151 -0.12083634 -0.18207248 -0.06609788 0.17358702 -0.13770524 -0.2531346
6xh8zOtmR1TKVHyzpRlN8s:-0.11952571 -0.096943066 -0.06245961 -0.13086405 -0.15409274 -0.059648745 0.18664270000000002 -0.18090491 -0.26353705
6zCqeUUqLb2CapBmVwAHll:-0.15121886 -0.040495582 -0.10767423 -0.17788394 -0.18730465 -0.06872025 0.15567464 -0.09087645 -0.21875794
75noHPXDcK2UyMmbEm9Ej2:-0.098227434 -0.069900855 -0.061030507000000005 -0.12902966 -0.19834897 -0.09279751 0.14005762 -0.16935337 -0.2665531
7CmuLM2vfzA78iHeqastoP:-0.13076496 -0.06895527 -0.05878697 -0.22399496 -0.22770625 -0.04866742 0.17407842 -0.113827 -0.2011879
7CsljtTpvJgqrmlUJOfbF1:-0.11480276 -0.049653735 -0.12269701 -0.15824983 -0.17661966 -0.023710461000000002 0.16452825 -0.11032102 -0.23030713
7KewQGRvWozMixgFmJFs0V:-0.13393706 -0.08848644 -0.089360856 -0.12268732 -0.23146664 -0.067091905 0.13548718 -0.12379075 -0.25526506
7fBI3Y1x37x4sIHENV5nBu:-0.12746832 -0.090184994 -0.09118984 -0.13646458 -0.20417027 -0.097671665 0.1679078 -0.12721807 -0.20960604
7mL4nN1f2e640JKlvqgXmD:-0.13721907 -0.12091306 -0.09272718 -0.17749907 -0.17548876 -0.1272346 0.11548889999999999 -0.092989214 -0.2611963
7tZ2ul7cQBdw7gePR7GhRB:-0.14744478 -0.07145078 -0.06912233 -0.15557319 -0.22132546 -0.045413654000000005 0.13231887 -0.1490305 -0.21799174
7txFKODDkOV5xv7AtAvbiN:-0.15567872 -0.08863562 -0.05413567 -0.19790813 -0.18779959 -0.07017298 0.15903224 -0.13250831 -0.22803555
