0JO6NEI2y1sXS8zksJrWLh:0.12410423 -0.18982969 0.06257837 -0.24166064 -0.09656308 -0.21665913 0.20252497 -0.09359561 -0.21989961
0MEoCBDItJs6gzy2QW0PmX:0.115536526 -0.2526989 0.07491946 -0.26283047 -0.18172313 -0.16631189999999998 0.14263093 -0.06237273 -0.25677732
0MJwVvbBHL4gDFbJgZuifM:0.094422765 -0.24001405 0.11417719 -0.31927347 -0.122527525 -0.16108951 0.13393888 -0.13311495 -0.30434364
0MTMMLcBmATEzmBz79vx5z:0.09240385 -0.28613249999999996 0.06358792 -0.29253779999999996 -0.08693169 -0.21311213 0.18022868 -0.08282853 -0.25327098
0R7PBooCMiE4gJlE8pEpi6:0.104698494 -0.17850381 0.11137299 -0.26637977 -0.16733688 -0.1547292 0.14580910000000002 -0.104993604 -0.2998946
0Z0E6TivMrVV8iSaWQoJnQ:0.109285705 -0.18363024 0.06575027 -0.23110032 -0.16014281 -0.15938963 0.13944563 -0.12044097 -0.28171983
0dMHPRTYwkesjooXm7aMPB:0.14955729 -0.18932942 0.07001357 -0.23278911 -0.17996721 -0.17875063 0.1906961 -0.060628623 -0.24656528
0lsntsu9MgDL0l7FJtbNpg:0.16695999 -0.19528233 0.09395719 -0.29120803 -0.16514089999999998 -0.24417081 0.15253696 -0.08520145 -0.21642579999999997
0mdlPY1axsl4ms8hTSac6F:0.1266808 -0.24399363 0.10990449 -0.31261003 -0.18661694 -0.18231441 0.19070922 -0.07333938 -0.28365934
0nSPjFfL1yWM5AmtVkFWjh:0.10460005 -0.18683766 0.1222286 -0.25324306 -0.13264267 -0.21524103 0.15239307 -0.073013045 -0.27004716
0qr0phATQzTq3k8uE5LI8p:0.09501706 -0.22674207 0.08687457400000001 -0.27246436 -0.20416948 -0.17432658 0.10310239 -0.05396902 -0.31077462
146772Ij3cS0JqvYoNXoCd:0.13424796 -0.2109854 0.08897951 -0.25760284 -0.1707852 -0.24103047 0.1334534 -0.051176917 -0.26246074
14RoHupfWNDHQCHUCS7J1D:0.1272934 -0.21129765 0.11485521 -0.28689593 -0.13803557 -0.21730882 0.16416351 -0.14646246 -0.24955352
17vUlJLgsDhAJWq3IvKD3B:0.1107483 -0.18106718 0.065844215 -0.29198483 -0.085030966 -0.22327925 0.1507588 -0.07823942 -0.23669414
1IGUS7DlA2vtsRw8jRXQsR:0.058640618 -0.22979929 0.124473214 -0.28876242 -0.13098522 -0.2057034 0.14020626 -0.083717 -0.28238884
1K06PKNc8pM0qEPtcSliUB:0.13361998 -0.19657485 0.07252835 -0.2711372 -0.130591 -0.13652366 0.18253995 -0.09114916 -0.24670623
1PljYGSSmCnOlhnJlSjBhw:0.11237696 -0.26985067 0.05361738 -0.23038526 -0.14922258 -0.21908827 0.17633395 -0.1118018 -0.26051465
1QSRiCgUCgv7Vuj7vSAKWO:0.12609410000000001 -0.21015799999999998 0.076422565 -0.30268088 -0.10928758 -0.15650617 0.18873626 -0.07242714 -0.2943221
1V8PjvBBLp8UfVpoyudE0D:0.09040989 -0.11856304 0.020008229 -0.32867029999999997 -0.18164964 -0.26611823 0.16759318 -0.11048769 -0.2510076
1Xdoc2YYJ2uBLpagjOczMV:0.12989466 -0.23401445 0.08799810000000001 -0.31953698 -0.14622171 -0.17626247 0.16179535 -0.07030937 -0.29239115
1ZWx1FFY0tFbu7imzUCnJI:0.13966475 -0.22871365 0.057694137 -0.26961303 -0.16299385 -0.17768688 0.14486815 -0.12383746 -0.2549584
1ZeJNLoHSeOh0LIFXXDtxY:0.17018409 -0.21860102 0.07722042 -0.27288714 -0.16411942 -0.21772479 0.17913204 -0.07324509 -0.25387907
1aGA7gWgliPSixT8IqE4PD:0.08205754 -0.25476983 0.09329934 -0.24603969 -0.13420839999999998 -0.21247843 0.21846068 -0.07677298 -0.24190016
1bHde55csY3YuiPxBUKand:0.06666572400000001 -0.23850852 0.09713988 -0.26178345 -0.17680463 -0.18468885 0.22014305 -0.061757844000000006 -0.3038522
1g7FQBys7AFj6syDNKkGoi:0.14301938 -0.23642966 0.07120371 -0.32510522 -0.1546712 -0.14754981 0.17344628 -0.108550966 -0.251811
1j80UCC3GKdUdpsvE6C0lA:0.108774364 -0.19317022 0.06318564 -0.28183022 -0.14186725 -0.18824221 0.16144778 -0.035810925 -0.26961064
1lvC3w5GCn5qJaEYt9TNQe:0.09292528 -0.19863555 0.06767642 -0.25666636 -0.18290429 -0.1864382 0.1940534 -0.08715077 -0.27901575
1o1d1QTYUbeKObPdLXR72G:0.12276572 -0.23909388 0.10008581 -0.27057758 -0.119909376 -0.16114126 0.19869731 -0.107276075 -0.29101852
1pBdVxTItYMGtdfjy2IcBD:0.102382384 -0.23895942 0.07158991 -0.33293042 -0.17560402 -0.21830583 0.15595362 -0.06383528599999999 -0.32171723
1pdqdp0x063XN4fXxZelNt:0.114668995 -0.25039685 0.082292944 -0.25971523 -0.16931096 -0.18080443 0.17841274 -0.046351627 -0.3232771
1qRbJJGScTwoQrt4iSXQMj:0.08519486 -0.26556194 0.12040084599999999 -0.29843742 -0.13143349 -0.20494364 0.19088078 -0.049776558 -0.28453553
1qkj2gIO1Whys83bwgrvVq:0.11795421 -0.1892835 0.09812148 -0.2662822 -0.10268129 -0.15979339 0.18605676 -0.07604806 -0.2962887
1ynwj2UivtoCSEF0X6rjcf:0.13990393 -0.19644882 0.06454206 -0.24585742 -0.10227268 -0.21792924 0.18770446 -0.08558262 -0.2701737
20ddanDbSqsMMjszBgH6Xi:0.09945454 -0.2413674 0.11065724 -0.28399444 -0.14127412 -0.20744179999999995 0.21926847 -0.0906495 -0.25987452
214gyex1noKcKrjthv4qvr:0.103023246 -0.20520373 0.081021875 -0.29083818 -0.13496225 -0.2161187 0.13936536 -0.07669347 -0.22267444
22ueye4ENvmnQh7FQLLrKG:0.124275215 -0.22330715 0.07075742 -0.31537864 -0.17209256 -0.18651438 0.11468524 -0.104491845 -0.27454007
24a9bcgxKT1qXYF6OHRW2G:0.124596946 -0.20510003 0.11407269 -0.28309476 -0.17056198 -0.2245531 0.1914941 -0.039687573999999996 -0.25094253
2B4oY75zx2TsStEu6QxOZO:0.079796985 -0.17745279999999997 0.04110874 -0.27882716 -0.10537732400000001 -0.17795101 0.1471369 -0.042222004 -0.2041881
2C4xfL42h33E4jRW9bRjTL:0.13845411 -0.21675026 0.061869975 -0.27711729999999996 -0.102916434 -0.21854545 0.20332007 -0.08019730000000001 -0.25491676
2LiP7MabHUmvH2l8qtWE3i:0.15531087 -0.2373169 0.04856575 -0.33745512 -0.12849903 -0.21920197 0.14628744 -0.10682074 -0.24193969999999998
2LrGSIEgmEAE6uLd7G4z4f:0.08932813 -0.23289482 0.15678875 -0.27271232 -0.16813576 -0.17824322 0.18689835 -0.11763005 -0.2427699
2MX2BpPJoZK0UJQXdRtPkw:0.09678854 -0.18686414 0.065264024 -0.32556742 -0.08638978 -0.21497738 0.15082225 -0.035211116 -0.20076823
2QgcgW04R8VcnN7AEl2UIG:0.14328621 -0.16707748 0.09909842 -0.26646805 -0.11315877 -0.22257164 0.20290923 -0.0584294 -0.22107513
2RghuLISjvrS67TKMTihNW:0.097539745 -0.22053119999999998 0.09640774 -0.291122 -0.14959203 -0.16148607 0.16950686 -0.05636155 -0.2819156
2S005urmlDPXxO4DyUBCdg:0.08549823 -0.22529744 0.11064087 -0.27968556 -0.11839749 -0.18433945 0.21120383 -0.09060617 -0.24522248
2V8Dzmiueb8pVaSslKo8ig:0.13891894 -0.22107588 0.10331368 -0.24775788 -0.11800384 -0.22128119999999998 0.14001352 -0.123978585 -0.31816894
2feSaJbgDGZAr440H4J968:0.119931705 -0.17717853 0.11673344 -0.3005503 -0.17522027 -0.17973033 0.13568297 -0.08624759 -0.20902734
2kH9DQGDhsqH5LCtYKMfeZ:0.1593405 -0.21294835 0.09612326 -0.24355757 -0.16776359999999998 -0.17081706 0.23626253 -0.1303782 -0.21782848
2lucMWUhCzuP2y6Jy2k7mi:0.13809292 -0.14950271 0.013217758999999999 -0.32533264 -0.20436114 -0.24685119 0.1990158 -0.12970935 -0.25261718
2maG6szAO7mXnth734rMN2:0.121972695 -0.17997739 0.11336549 -0.2819871 -0.12824996 -0.20521697 0.19445883 -0.087023035 -0.24278788
2no8k4GQjWoZ1pq5mNCBiF:0.064169616 -0.17325403 0.10811285 -0.26694357 -0.179099 -0.16105302 0.14840599999999998 -0.022353473999999998 -0.26413718
2nqoOHOFQOGEkqKJZHLdZz:0.09175188 -0.20323896 0.09178726 -0.30290598 -0.14207679999999998 -0.1512884 0.14542262 -0.12114678 -0.21627909
2pJ42fOZXhsWiOFhTkO4Iq:0.10394897 -0.24350715 0.04688899 -0.30201608 -0.17744681 -0.14798194 0.20475978 -0.06951176 -0.26244512
2rGdd95KzZ1MSPOtyBfD51:0.121394135 -0.2191804 0.08456976 -0.2808772 -0.13312753 -0.21831060000000002 0.20744121 -0.099419355 -0.20216846
2sjg6DXQA1l0gfM85UIy1x:0.09734378 -0.18716770000000002 0.07029732 -0.32653326 -0.14678565 -0.16875604 0.12587512 -0.05288683 -0.21863365
2yN2hQTlfRmRZrFLlKduPO:0.11899596 -0.21934475 0.05683676 -0.33127183 -0.14915404 -0.27245426 0.20522864 -0.089234315 -0.24678429999999998
38TBD7Z9BNaASIcQNqcLXC:0.114671916 -0.20215009 0.09127392599999999 -0.29252684 -0.16136605 -0.17350174 0.1744616 -0.06257416 -0.23573582
3D85LFHw4us7FNqCLoYroR:0.12557352 -0.19118054 0.08157855 -0.2479814 -0.14150807 -0.15338303 0.1484834 -0.08635272 -0.28208408
3Rnh5v1i3Ir4czad6hYzfg:0.115471564 -0.21265876 0.045185152 -0.29296259999999996 -0.15095116 -0.15862720000000002 0.12714821 -0.11259573 -0.2024713
3SfPsbVpW8n12dWyE3Tji7:0.15200296 -0.261792 0.16183525 -0.32945734 -0.17271924 -0.21916315 0.14924201 -0.09907389400000001 -0.29394109999999996
3T5mynUfrFHeOMcdla1VNy:0.09351152 -0.20091608 0.09462008599999999 -0.34182670000000004 -0.115673676 -0.22574468 0.16688345 -0.046179305999999996 -0.22578620000000002
3YVfyMfPP1W7YTf4xm6UFk:0.08385201 -0.2625696 0.12175051 -0.3255542 -0.12731317 -0.22324945 0.19105676 -0.051007822 -0.30811083
3egnlyX0TpBIKIPIb85RPr:0.12931836 -0.15680115 0.09251335 -0.27826706 -0.18317088 -0.14474918 0.17843798 -0.036056876 -0.22272384
3gAZn2wuwVOWeI63zQQ5F0:0.06896858 -0.25927353 0.043414626 -0.32216269999999997 -0.08828842 -0.23740783 0.14314799 -0.0653692 -0.23871359
3jmPA1juPi7Ezryu8NqYNB:0.075197965 -0.2186295 0.07882974 -0.31340882 -0.13934109 -0.21387278 0.19279487 -0.060068373 -0.20381889
3ki2aParHq5NIeGc17TAL6:0.14545270000000002 -0.20201375 0.10342391599999999 -0.24682589 -0.17757924 -0.20486212 0.15846692 -0.10656847 -0.2480897
3pHtK5qu1R1elKH3vdvHbq:0.09070247 -0.19611904 0.09991908 -0.24176109999999998 -0.16613916 -0.22755644 0.17149329 -0.015952175 -0.29002053
3sjK1dDW7xXKnxcFFOm1oQ:0.12477797 -0.16571824 0.06741095 -0.26011467 -0.13219896 -0.21762255 0.16429001 -0.03682982 -0.24286453
3tgZs9nfccxVq73RI3VwZW:0.090146974 -0.20335054 0.08609927 -0.27686095 -0.112188846 -0.21073875 0.13393554 -0.040005907 -0.2525404
3tmx49ItOCoGV8JkDrGdc1:0.10493974 -0.21862957 0.040539745 -0.26078758 -0.11834249 -0.17967033 0.17201349 -0.07301357 -0.23788306
42UOVfnhi4iHPsBj3IFpRb:0.084342755 -0.2025174 0.10821343 -0.31484136 -0.1391582 -0.20084542 0.17032495 -0.07523485 -0.21328583
44S4wyWOWhRx4gJAlBP5wH:0.12610102 -0.16346785 0.11017712 -0.31714899999999996 -0.11649719 -0.15700631 0.17452024 -0.10963426 -0.21998388
47SpbUlubdjbxCjiygGTpo:0.13906218 -0.16655001 0.057195462 -0.27786976 -0.18684512 -0.18988709 0.17213108 -0.09173921 -0.24893486
4AUXZeRrSFG6atnkYxC1to:0.11843935400000001 -0.23540483 0.058873918 -0.27913028 -0.09738204 -0.23347348 0.19495972 -0.037527896 -0.29229572
4LfGZ75EGbuvFquElcme3J:0.10977547 -0.21026704 0.030155527999999997 -0.3069502 -0.20873795 -0.18404389999999998 0.17396091 -0.0917661 -0.23158486
4a9OebVSZ0SDq82hQgLEJM:0.13193157 -0.2603104 0.10064903 -0.28613636 -0.18411636 -0.20106724 0.1697138 -0.08868345 -0.28384899999999996
4aG4rcdXdUYvoBslv2TSal:0.06263152 -0.20693035 0.12555663 -0.29092067 -0.16511413 -0.17001294 0.14353088 -0.06198695 -0.26634303
4jyMBnnc7dWltTg8AiShLX:0.12527713 -0.23058389 0.10027219 -0.28577405 -0.12163761 -0.23014534 0.21339421 -0.08419016 -0.23643322
4yBQCqH9O9nt7MbyzrLQdY:0.13262634 -0.22175476 0.08181884 -0.31835440000000004 -0.18839219 -0.22273193 0.15615383 -0.008244326 -0.2609883
52VqsmV4S1mUC6QH0VMMkd:0.06699417 -0.19561556 0.09426701 -0.32934982 -0.13397096 -0.16973808 0.106433764 -0.03634819 -0.26601967
53Hi4tN7HzQqdovK4oiZLc:0.1379028 -0.20182332 0.05182897 -0.32712382 -0.14153185 -0.22349417 0.21196571 -0.07868442 -0.25531027
55H86sRAL6LAgnzSHoyRX7:0.13069628 -0.27666253 0.07122383 -0.30148944 -0.14140862 -0.1675784 0.2079609 -0.092764355 -0.2800023
57XuWFYMcmjN1RtnLt2QV5:0.08087856 -0.19396168 0.08843017 -0.28194648 -0.110803455 -0.16375905 0.12419185 -0.10431689999999999 -0.2791732
57oFyhMBQGW7ebTetZy5oz:0.10898876 -0.24279074 0.05871037 -0.25570357 -0.14770682 -0.1791625 0.21357952 -0.030487752000000003 -0.28353152
580vj0apRV9ZjxPX6RKaIp:0.12016348 -0.18261297 0.07606435 -0.2857297 -0.1314555 -0.26538405 0.22653806 -0.048407282999999995 -0.25561842
58BppKCAXl1bXGE4QBDIxQ:0.10623234 -0.25999874 0.08078044 -0.31911704 -0.17932001 -0.14897752 0.17847382 -0.054698027999999996 -0.30128226
58e5el0Wn9ma7CNAXCcpNd:0.12632911 -0.19321312 0.07042666 -0.30179647 -0.14113092 -0.17831063 0.16434915 -0.11845664 -0.22497956
59npFutSuIaGvi0naWGBil:0.11129439599999999 -0.22022556 0.07711925 -0.2824244 -0.13802764 -0.2428275 0.1846529 -0.05718796 -0.23933607
5AVO6rGzau4ON956b1RINe:0.062338385999999996 -0.23583491 0.09552787 -0.26108822 -0.15434979999999998 -0.20727764 0.13595827 -0.052751444 -0.30433503
5GUGg9BgCzO5u3mxstVffN:0.06933744 -0.26082012 0.13655251 -0.31763014 -0.13977271 -0.21770304 0.13364077 -0.09700325 -0.28025559999999994
5NjChyeiy544emta8eWfyS:0.11725496 -0.22266965 0.0467452 -0.26207063 -0.15072270000000001 -0.17979112 0.22817679 -0.12926066 -0.1942876
5TMn2zWDC7OsF0WpIjiSdW:0.07432597 -0.18341357 0.10815973 -0.28210366 -0.092796326 -0.16957335 0.21413523 -0.04816850599999999 -0.2556412
5goSUUjz5neZG0XZqITrTK:0.105547145 -0.19034302 0.08172008 -0.27360582 -0.16806652 -0.23459698 0.16120388 -0.057314175999999994 -0.25499594
5kCh9XdFVNeE9tcvwJ9smN:0.12763497 -0.1611501 0.07931266 -0.28068486 -0.19506519 -0.2231379 0.17881191 -0.10970882 -0.29348826
5lO3GOo7ccolP4gH6ime3e:0.12351395 -0.20674272 0.10868142 -0.30777177 -0.14642570000000002 -0.18287896 0.13943753 -0.08838247 -0.31559345
5w6QqPWQK0RGHdJHHSI7Na:0.09642939 -0.24598095 0.10180374 -0.2398896 -0.12341971 -0.18646559999999998 0.20762125 -0.107026316 -0.27981427
63mJg2q3OURx5QOdRnr7i4:0.051972263 -0.18124035 0.054083124 -0.271805 -0.1287815 -0.24020018 0.17046449 -0.0648316 -0.2605108
66T4b2Xb6ddnmjvI8qqJ7i:0.119365364 -0.192097 0.010519711999999999 -0.35393056 -0.15792961 -0.20982437 0.20337668 -0.084452786 -0.2866489
67Nv8uCjFPDphobzQKNATU:0.10004561 -0.24830665 0.045885604 -0.25739703 -0.19921626 -0.1871448 0.110772215 -0.08226718 -0.22376284
67rwJb14QkGxZmLCXQ31l9:0.12761305 -0.23747014 0.08777721 -0.28435376 -0.14391185 -0.21952245 0.21063556 -0.06973887 -0.23573760000000002
6I5nsRDqkh5KthvZCuAHpI:0.09888355 -0.23609513 0.11230109 -0.27087814 -0.15715255 -0.21149097 0.17656755 -0.10254244 -0.22595268
6K7AvAZJu4trw4nWHGJU7r:0.11705746 -0.16343819 0.059779167 -0.26870963 -0.12964344 -0.1769478 0.20352319 -0.0408366 -0.23016141
6PygXA68lPv2nLOeuirk9n:0.1234984 -0.21147291 0.08274902 -0.30078793 -0.13762225 -0.20326883 0.15573312 -0.092620514 -0.24064623
6Xev86YRrxcP14LDMp30Va:0.1036223 -0.21523708 0.020878828999999998 -0.27469185 -0.22639477 -0.28557408 0.18555588 -0.06439288 -0.23647216
6YiI76PkpiOAlF7iTb4QxD:0.10612559 -0.2275187 0.08764958 -0.29730064 -0.14711969 -0.23433575 0.13739397 -0.035845015 -0.25662199999999996
6aowoq4p1XGBbQA5Y9q47C:0.08587157 -0.24119872 0.10604335 -0.31636559999999997 -0.19714098 -0.17512578 0.19686672 -0.026920237000000003 -0.25332943
6d2yIBtvZlAQkrJgpfLFQy:0.09875458 -0.25366616 0.060029633 -0.30935237 -0.18214954 -0.18136497 0.11892877 -0.072868586 -0.21472543
6epIhVc3Zn6AUZ27EsOLZt:0.12449735 -0.2613676 0.10629799 -0.25537735 -0.14560531 -0.22355954 0.17950271 -0.073254995 -0.28792876
6rUoCMMeycW892nD5MLTUK:0.09122598 -0.18891464 0.114447914 -0.3298002 -0.22034789999999999 -0.2020257 0.18348135 -0.012434136 -0.31201822
6ruNFFhghevpKCtrsbNchc:0.12867396 -0.21254936 0.029119972 -0.2514056 -0.15254113 -0.22084291 0.13355258 -0.023432717000000002 -0.24330248
6sZKY0i9py1UNodYJS6CRP:0.1262049 -0.2521427 0.06570064 -0.3142987 -0.16027878 -0.23286356 0.15143703 -0.043930914 -0.29372984
6y4zQgeTuyOV3osTIPljwy:0.114511654 -0.21405059 0.08378368 -0.26967347 -0.19308823 -0.15294571 0.2059931 -0.08423657 -0.23709676
6zXqReLrFpc6hJ3PQjbXro:0.12420626 -0.19677286 0.03274947 -0.30962345 -0.10854584 -0.19927524 0.16049357 -0.03307439 -0.23282628
71Gi7FWny44EE1R1HO43cA:0.13532111 -0.16782299 0.05099957 -0.2545567 -0.14498493 -0.17871375 0.16155339999999999 -0.046745855 -0.2910978
720ofEx8ruJDvRKhb6Pl7X:0.14409065 -0.19198763 0.08109812 -0.30747077 -0.1647219 -0.21200067 0.16173206 -0.10336425 -0.18891127
75Q8BDRrOgNB2v1VrMNejo:0.07684309 -0.16469373 0.083465494 -0.26909766 -0.17863783 -0.21192266 0.15320568 -0.07061599 -0.25914752
77OXfjvVQTvEuMnyhMG0pK:0.13069695 -0.17379476 0.12011973 -0.27931654 -0.13138804 -0.19935666 0.12522432 -0.07833841 -0.29699102
7GTyZUymeGqfjAbP7t4rnM:0.08560444 -0.19163726 0.11345041 -0.30996522 -0.14477001 -0.20638192 0.18496333 -0.031840852999999995 -0.22108312
7IFmXgXVyaUiXHm6U9iEcL:0.12735559 -0.23684697 0.09889204 -0.27352244 -0.17337793 -0.23209615 0.13873838 -0.04337044 -0.28712386
7apuJxrVlIfXVNyfu0to6N:0.11859778 -0.23713052 0.1033079 -0.31011802 -0.18395215 -0.19676775 0.16531275 -0.09625031 -0.26015982
7fYepkBCRKZQLsjmbEHkQb:0.08894993 -0.21423036 0.08987434 -0.27763182 -0.12568524 -0.21545415 0.19432363 -0.038248397 -0.23779346
7qCog94H5FfN76vy8iLiEh:0.10916946 -0.20865384 0.12970522 -0.31129876 -0.1411387 -0.25417987 0.1369769 -0.092666104 -0.23830418
7se1dYYCX9DQmMCFReoEDl:0.10103838 -0.20215248 0.077919915 -0.2880419 -0.12272285 -0.1912424 0.14649527 -0.09616326 -0.24991395
7wyGTs3aip8PXoUvMQWBbb:0.08924199 -0.1952969 0.05795662 -0.2677452 -0.115110196 -0.19564283 0.12456410000000001 -0.09381321 -0.26698983
