05SBYEaOoRBtrAAveD4Lph:0.06831089 -0.20791467 0.009028901 -0.28923526 -0.19837627 -0.18280925 0.21209945 -0.08786462 -0.30647936
09byfxjHO1YHyDcFQQ63bP:0.010984823000000001 -0.23201029 0.024790037 -0.29603615 -0.23873200000000003 -0.16736911 0.22933455 -0.087608516 -0.25171605
0EjPId0Cd3o6q6TNZoBoBE:0.05235492 -0.20694941 -0.0064998586 -0.307314 -0.2349438 -0.18064113 0.13665652 -0.11654644 -0.26515022
0Ek2PI3Y0MLmO9769e9hHh:0.06069985 -0.19085664 0.023564931 -0.30620784 -0.22680195 -0.14910199999999998 0.1773914 -0.106922574 -0.30533582
0FHOQTmYnmjyHVbKHOoAF6:0.048321325 -0.23459618 0.04772503 -0.33499986 -0.224057 -0.18919237 0.18368801 -0.10917294 -0.24937729999999997
0Jf2GKCVP2kdspiJwWg5mi:0.01605459 -0.24090904 0.03893275 -0.27400040000000003 -0.17954089 -0.17050998 0.20140712 -0.090437815 -0.32966906
0PfBRmAHukI8lUhE75rvn5:0.013196363999999999 -0.20150912 0.06918996 -0.29244047 -0.21932493 -0.17333533 0.2016542 -0.07115162 -0.30084120000000003
0QqwfCboZa9kp2D3zsXblm:0.0046182029999999995 -0.20504458 0.013207119 -0.339735 -0.19756529999999997 -0.11641216 0.22299023 -0.0735149 -0.24870970000000003
0TXKNOetFyMNO2ZwU5Nhdh:-0.0154049825 -0.21445605 0.0069654547 -0.35528016 -0.18068929999999997 -0.21523989999999998 0.19742589 -0.13957252 -0.29133463
0TpJWNOYpTZxVOXk37vJCP:0.03114539 -0.22856745 -0.027144123 -0.3156403 -0.21629687 -0.12480409 0.20045902 -0.09558249 -0.2919167
0YThkXKoZCS0YUnnyZj57F:0.016977014 -0.1845845 0.07650830000000002 -0.25554317 -0.1940262 -0.17288844 0.14852844 -0.12170160000000001 -0.3305715
0axsjfkNN0700a8zHYnprH:0.04872711 -0.18269123 0.056836758 -0.29805529999999997 -0.19562173 -0.19003661 0.21067137 -0.124035835 -0.26690066
0bFIB6IjWeeSjR0Ks1ekE3:0.024296394 -0.20716532 -0.011710693000000001 -0.274419 -0.17407779999999998 -0.18458475 0.15434249 -0.06550224 -0.29891348
0iMx8NHyncIa5sjodBJNLz:0.019139195 -0.23786281 0.0032191784 -0.29883206 -0.18343271 -0.19243944 0.17573099 -0.0807794 -0.27046895
0ktT1OF2jpjdBTkcZYMzdZ:0.07476511 -0.208218 0.04275226 -0.28648552 -0.19555762 -0.19449605 0.21026929 -0.10521356 -0.33024147
0r6liVQhBe9Y0abo3xR6rG:-0.016955718 -0.22066517 0.020896396 -0.35108674 -0.18963294 -0.14449276 0.19742195 -0.056903753 -0.30401742
0s0KU2tjMQrgrcJWTD7HWI:0.041844964 -0.21078919 0.047705002 -0.32370815 -0.18114401 -0.14938042 0.19277576 -0.13205235 -0.31420615
0sNmTXGoSzhcczMi5sdl4a:0.06906834 -0.16367425 0.044859312 -0.30131707 -0.20604578 -0.18949492 0.18688701 -0.06856779 -0.32462394
0wIBdEGejmhoEKSQnCgOt1:0.02035897 -0.2513517 0.03874238 -0.28095505 -0.22502202 -0.1688315 0.17402709 -0.12275517 -0.33600837
0x0yLOziqaN26OoxWvxGZp:0.0035910325 -0.20260637 -0.023368366 -0.33722090000000005 -0.16644712 -0.12910165 0.16285269 -0.06419604 -0.2769205
0zdMbGaHbTcHInjLSyFp96:0.013732746 -0.15584081 0.041333523 -0.39242554 -0.1660076 -0.17970039 0.25402564 -0.19277158 -0.39427274
0zzTDJ9oB33wq4sHroGYAC:0.036044504 -0.18742555 0.041024927 -0.30020058 -0.19160947 -0.17465712 0.1616507 -0.07237995400000001 -0.31763032
119lJoX079K9b6veWvf4OO:0.026481086 -0.23272957 0.0059528030000000004 -0.30591094 -0.22599114 -0.1805849 0.23935407 -0.065487474 -0.33430976
15B02lNbcjBzLA24dnUhOM:0.016195701 -0.2146234 0.0100377 -0.31069 -0.18000717 -0.14037149999999998 0.18782942 -0.057613578 -0.29314917
16AOZtLZwnm993MAdkt61r:0.010759339 -0.19578475 0.013252419 -0.25298154 -0.23899798 -0.12001632 0.15982732 -0.08413055 -0.3253406
189P2bMTWkFvg57rFn61sd:0.057373688 -0.20512049 0.061450433 -0.30833253 -0.18990956 -0.16802277 0.2121607 -0.11479768 -0.30758664
1H7w7nXom5zu9hLT17Kdl3:0.062753245 -0.20465496 0.041190416 -0.28085908 -0.24153113 -0.14756386 0.22983137 -0.107428096 -0.31195444
1Ha4hbiZ9VPhCsRRRbExYT:0.026677707000000002 -0.25972378 -0.05437881 -0.32564762 -0.16702722 -0.17888893 0.24390884 -0.14021485 -0.32902977
1HrYAKyf2iPS38aaxe5NXr:0.073084034 -0.16323778 0.024417832 -0.2733545 -0.18092304 -0.12516658 0.19971219 -0.12000441 -0.30433744
1Mehb4jb2k0sbBZmq35Bcb:0.0055313827 -0.19954643 0.072285235 -0.3267535 -0.21359250000000002 -0.15499403 0.18703157 -0.12632214 -0.24760422
1VPadMOWjnr7GSBRJS2LMl:0.07921854 -0.2511269 -0.011498393999999999 -0.27317864 -0.2527185 -0.1557055 0.18068622 -0.12827402 -0.29313836
1X50uyRQdG92vPxwBRLkG1:0.07993033 -0.17473322 0.01625672 -0.2970705 -0.17851837 -0.18090494 0.21885636 -0.06910010000000001 -0.29084936
1fN8pf6QaULHWgnTnnDNad:0.029661418999999998 -0.24982649999999998 0.047651254000000004 -0.33354959999999995 -0.23036183 -0.14380094 0.16584174 -0.14503466 -0.27175832
1fpQU467rSkfvnvhoh64y0:0.07841078 -0.23879012 0.016175843999999998 -0.28978008 -0.21026768 -0.1657055 0.23177977 -0.07786471 -0.32530749999999997
1gSDcyweykACygJbsFXqsa:0.017568799 -0.18181555 0.044622824000000005 -0.27375948 -0.18594292 -0.17812382 0.1977372 -0.13838166 -0.27952647
1i1bmQlFKTQp619kZj7HRw:0.016113233 -0.22075222 -0.0017173562 -0.30835128 -0.21021135 -0.12517542 0.20124146 -0.07131998 -0.28384694
1n8k5b8kbFWGyTyXEWN92f:0.036152117000000004 -0.18794087 0.04013309 -0.30502003 -0.21893428 -0.15724911 0.15597102 -0.11254694 -0.27971786
1nRqRDxb3UANpSKSEaJC4Q:0.022036385 -0.24788818 0.00039576285000000004 -0.27713692 -0.23215899 -0.19476996 0.17613946 -0.068193324 -0.300026
1sCptXHycoWf4GnpZHPEcW:0.017803047 -0.19220653 -0.030398086 -0.29739732 -0.25862572 -0.1448385 0.24587412 -0.16798298 -0.27751827
1uhOkYq1lKGXpEO5njTL9y:0.054177694000000005 -0.19170783 0.03230009 -0.3840392 -0.22821963 -0.27064577 0.23400556 -0.14535311 -0.24786977
1xrTbQFbvZ1rQ8Qu2rIUgy:0.046658187999999996 -0.19279988 -0.027823327000000002 -0.32912779999999997 -0.18367529 -0.11480357 0.17022572 -0.14777419 -0.26306927
28rvzblisJmbbuYZLyEizs:-0.0018231266 -0.19748393 0.011073228999999999 -0.3023892 -0.19429804 -0.17917258 0.14766063 -0.10823057 -0.24310227
2DUc3fv8LVdvELVlIkkBs3:0.018217545 -0.21350822 0.021735543 -0.34119913 -0.17888823 -0.19462419 0.14177498 -0.070684284 -0.32471523
2Dmby8seQnaE3cAuA5Wmfz:-0.005432940600000001 -0.20890191 0.0050163544 -0.31647298 -0.22532554 -0.17255527 0.23627470000000003 -0.13028193 -0.30539477
2G21FkYQf0gqq1lEwt2R8C:0.007503772 -0.20843478 0.023162171000000002 -0.298639 -0.21735932 -0.1187345 0.21411999 -0.064123005 -0.2804386
2H9eNcAL6zvKoj7PFH8LzO:0.015880743 -0.25518665 0.027681897999999996 -0.2923501 -0.18419723 -0.16156812 0.21766454 -0.11259759 -0.3153687
2LaQy6ET02u3XZq84GYBoF:0.07484782 -0.21963853 -0.003476018 -0.28898892 -0.19458546 -0.18723102 0.22186436 -0.09564213 -0.28783172
2OOztwYN1XRXWPkUVjJH6j:0.04497071 -0.25058642 -0.0065484196 -0.32650578 -0.2045648 -0.122475035 0.15676151 -0.09425394 -0.3463934
2cFz1YOEbq6L1MVld1lU6c:0.05776572 -0.19183858 0.033215504 -0.34507516 -0.18646437 -0.12193084 0.20522773 -0.11989809 -0.2696958
2kr7eHbS7nMVCc8ym5UPBs:0.032711066000000004 -0.24184236 0.058190096 -0.28507286 -0.25285465 -0.15368272 0.15947372 -0.123665474 -0.33380207
2sObpzGhytZgYw391slUrm:0.027242653 -0.25323379999999995 0.05958945 -0.33663172 -0.1970771 -0.16160522 0.20046738 -0.08088467 -0.3454926
2tVPUHltTc4btJbvYgMJ0J:0.04291646599999999 -0.24100028 0.05456048 -0.33000118 -0.19583842 -0.17954494 0.24333206 -0.10324215 -0.30657336
2tdf0gJHBANy1lLG0sYM2v:-0.005471307 -0.22864069 0.051208418 -0.26840407 -0.20888683 -0.14780912 0.1296766 -0.13887653 -0.33203563
31vrUaDTar709b3Uxghnay:-0.0032319896999999996 -0.24546213 -0.003920466 -0.35501543 -0.18503883 -0.14649720000000002 0.15202079999999998 -0.08597596 -0.28049612
37p2yL5ublfzdroSwTmoL9:0.041396324 -0.18592869 0.018172003 -0.2833362 -0.21007640000000002 -0.17194074 0.15118597 -0.06406784 -0.31714287
38DJAzG0yTTu0Z949yU0ob:0.022144446 -0.22550285 -0.031120664 -0.29932 -0.20184599 -0.14963229 0.21110479999999998 -0.06350718 -0.27442303
3ANlnMjlYvVQB7WjHTjzoB:0.05085432 -0.22528760000000003 0.0021510051999999997 -0.32803774 -0.20056532 -0.17378993 0.20054561 -0.17113616 -0.3675845
3CTsSHtLx9n90b8nN5QVJj:0.06453339 -0.19792518 0.0063576316 -0.29718690000000003 -0.22937287 -0.16384928 0.19856738 -0.10086166 -0.25579652
3D6C2yzaSV7wWrcEXHqryr:0.023857892999999998 -0.19597082 0.019781059 -0.2897603 -0.20631328 -0.19328554 0.16715455 -0.07641637 -0.2895542
3I0Xwmo84VXuErj9lDaC9N:-0.010757243 -0.24418455 0.038926665 -0.292218 -0.17370641 -0.17768581 0.22827934 -0.07229313 -0.30506968
3Ihezaju6NSmKkiyUS8scx:0.040546816 -0.22266321 0.03302718 -0.3306945 -0.20420451 -0.15711588 0.20701509999999998 -0.11281874 -0.25655833
3LIFU6gQ86eI8PrwEqxVzx:0.078326575 -0.21123503 -0.010843298999999999 -0.31578228 -0.20267044 -0.17232153 0.185924 -0.08995058 -0.27671936
3RiBRjMbyN8iWXgfvTtJZy:0.05541365 -0.26051787 -0.020386042 -0.2578714 -0.24185051 -0.2075462 0.21560116 -0.070306525 -0.2966193
3UM3j1DBZQWy6MsBA5qly0:0.06212464 -0.20045282 0.064479865 -0.329977 -0.20176204 -0.15687179999999998 0.1775869 -0.13476257 -0.28438395
3ZQSLArg2LcdhOuyqSxnM1:0.032509699999999996 -0.23441532 0.0075450125 -0.32700840000000003 -0.23667102 -0.18105504 0.18399227 -0.057010658 -0.24719821
3ZhYb2e3KHYgR6TyUacIgD:0.05981971 -0.18581705 0.020640893 -0.31852087 -0.18038554 -0.15599968 0.1773929 -0.11056268 -0.3017244
3idzE2BbS5Sy53xLZ8lgDe:0.057167705 -0.17417319 0.051185954000000006 -0.3649112 -0.18293919 -0.17446318 0.1637402 -0.12574838 -0.286697
3q1xLeVTmxOHYnz9jMWwQN:0.02738671 -0.23527254 -0.008395229 -0.30070183 -0.22421554 -0.16608147 0.14898895 -0.05728485 -0.31771994
3qHtG1z0cNBwW43exXX7aK:0.027241217 -0.23671117 -0.0055556297 -0.29534593 -0.22092268 -0.16692449999999998 0.18711367 -0.057736699999999995 -0.255293
3uhdVT6UQ3BP0orFfl87wY:0.09127032 -0.18472351 -0.004129918 -0.2535168 -0.21565431 -0.16554512 0.20425970000000002 -0.12804928 -0.3005566
3yQoyj0e3NzZeYsxCZ3cbm:0.04032721 -0.16619289999999998 0.03160361 -0.2932559 -0.17588535 -0.12275866 0.19021645 -0.112981275 -0.28227129999999995
40WbU6fV9PJd8b1fybwjYG:-0.0044930885 -0.2641269 0.0120663885 -0.28661406 -0.24045056 -0.15252165 0.18760982 -0.10271222 -0.31222954
42Kli26nBzAQEw5TdrXQx7:0.01965925 -0.20490657 0.02176611 -0.30230072 -0.15376627 -0.14227578 0.16410801 -0.11028838 -0.3149342
47rtdB1hBH6eRYi3ruUlCG:0.0016606820000000001 -0.20368570000000003 0.022847677 -0.29277256 -0.20126583 -0.116856925 0.23008457 -0.07532723 -0.26888809999999996
48nl5zt51TsK1wX86MjMWL:0.05921653 -0.21486302 -0.026550703 -0.32848042 -0.22617468 -0.10153313 0.19357106 -0.11970238 -0.25909883
49Cz7x5RRpB8ZTj2PIP6Hj:0.05444047 -0.19514374 0.0757656 -0.35238335 -0.21633524 -0.12927946 0.18645845 -0.12823953 -0.30426586
4DYOKE42mmRFQDhbyZwrHB:0.082476325 -0.19058082 0.034929957000000005 -0.25172117 -0.21451922 -0.192057 0.14974865 -0.13550116 -0.30108213
4HWj3XTOOxG1CqiAOv2CX2:0.004900886 -0.21079414 -0.0037252266999999997 -0.28488132 -0.15498656 -0.16169822 0.13196729999999998 -0.123102605 -0.3117533
4IrukYEsHFiEr61IaTUuMn:0.070107535 -0.21419966 -0.004553135 -0.32129812 -0.14702687 -0.114450715 0.21994638 -0.14104967 -0.28917822
4KZgJAcUg4xnolPE4fYSUS:-0.016544579 -0.23974578 0.03664798 -0.28114444 -0.22630551 -0.12984574 0.20085794 -0.13009378 -0.23209248
4N51r0CWRGO1TDfHtqynzh:0.0012981388 -0.21025716 -0.061185334 -0.3378246 -0.25990722 -0.17721064 0.20208883 -0.13594013 -0.31170067
4PeHxx8A3EvisGqf2Oi2nR:0.05232213 -0.21810718 -0.0010375354 -0.3101981 -0.18811773 -0.13237031 0.19036908 -0.15456131 -0.26797915
4PzE9xja9PCNvoEiXWiLwE:0.032770733999999996 -0.27828592 -0.021378192999999997 -0.28827882 -0.18724632 -0.17371783 0.16988446 -0.102939025 -0.32984313
4RUnbNZ6nSckHk3Jir2HCG:-0.0054942043000000005 -0.20707887 0.010857087 -0.30044574 -0.19413288 -0.09810085 0.19653699 -0.067732826 -0.3254087
4Sl6VFwMGX4M0pJA3fUCsi:0.072372794 -0.23074466 0.01955117 -0.34472618 -0.19392964 -0.14344548 0.21918212 -0.08420665599999999 -0.31736988
4TlMLgfHEgQ5jTkEb7ER7e:0.059998468 -0.18128403 0.019454716 -0.302041 -0.23101301 -0.23511384 0.23580445 -0.11714025 -0.30859375
4XGDfCkp3FWRYiuVAcAT2H:-0.013102243999999999 -0.17127573 0.036477502 -0.347224 -0.1769061 -0.21354505 0.19326228 -0.12088601 -0.29861996
4bgUtTRhxW5J4R20Ihm0nB:-0.014133537 -0.23230225 0.016762363 -0.3464683 -0.15735146 -0.10753126 0.1397582 -0.08442967400000001 -0.32463616
4c0FRdolCASaNasUlfKzr7:0.050512272999999996 -0.16819155 0.050158255 -0.32199076 -0.22729155 -0.14037514 0.19100343 -0.09199644 -0.27537823
4dQqw0xDW6un92N6uojoD2:0.046471003 -0.18968248 0.04999648 -0.31028557 -0.19962898 -0.26206982 0.18339735 -0.12450075 -0.27288556
4kLIn8WwpCPzsFz4TUDZ3X:0.052442342 -0.21541038 0.04682248 -0.30952090000000004 -0.20391932 -0.13232277 0.20696451 -0.11572537 -0.26097852
4xrnBzlShBQX1YFKPpmZ38:0.05374725 -0.23034869 0.054513954 -0.29643595 -0.19916789 -0.20605563 0.17355901 -0.16022983 -0.32326633
4y7XoIZ76dBXCvHQaZaJOU:0.04274833 -0.16827871 -0.06976566 -0.30080100000000004 -0.2605447 -0.14434971 0.24437885 -0.13090326 -0.31371218
4zRaWT6hYv1iTMeWdyku5y:-0.00040945265 -0.20342298 0.0036678697999999997 -0.26720342 -0.20701551 -0.1556705 0.20368353 -0.058450848 -0.26883462
4zgZmRrBFWvHMVLodBA0iv:0.029551774 -0.21069597 -0.009181551 -0.27405733 -0.16811822 -0.12150536 0.2247616 -0.12825793 -0.30376345
4zlPaegpy8YAT1oikGzFjV:0.05484433 -0.2443728 0.050881334 -0.34765429999999997 -0.1850622 -0.16207157 0.16552784 -0.1406146 -0.3348842
50K3wNMhA9rGDBw3HkayMq:0.049653187 -0.24951185 -0.016625296 -0.34137090000000003 -0.19188169 -0.17330584 0.21427655 -0.10606728 -0.26852936
51w13RNzb8SYzvG9Vat38k:0.0059379498 -0.19058847 -0.01083861 -0.29942579999999996 -0.17077196 -0.12415725 0.15633989999999998 -0.07527909 -0.30072364
54IbPYO8pZGo0Js0pvpzqq:0.07052945 -0.23276566 0.04759128 -0.32390377 -0.23198578 -0.19635595 0.2131823 -0.11767048 -0.29058453
55HIlhwCFDlQlWyRCj5a2V:0.045239105999999994 -0.18279614 -0.02213959 -0.30592456 -0.17353755 -0.15784448 0.18765257 -0.14504251 -0.2876828
5D1SetYOA2gHqxJ6YQPMvk:0.08113772 -0.16197726 0.0091269845 -0.28010064 -0.14687264 -0.1780929 0.19461353 -0.10726313 -0.31306958
5GHFaIySgFyq7kNHq5hpjZ:0.06573104 -0.18361112 0.0033923272999999998 -0.29952243 -0.20912406 -0.16312869 0.15969062 -0.08345377400000001 -0.30657327
5HbvTqU7kggcVp4d9P5kyZ:0.027189852999999996 -0.25407392 -0.013389278999999999 -0.2684249 -0.23127052 -0.13003463 0.17595102 -0.09233999999999999 -0.3367315
5MQ2Sr2UTyq0S16Y0rrCgR:0.007747228 -0.22106157 0.040016294 -0.33706290000000005 -0.18666725 -0.18549968 0.17045991 -0.12350394 -0.27561486
5PGTEai5XubERBxClnvNfd:0.033954434 -0.23239237 0.039515626 -0.26616478 -0.22892834 -0.1476639 0.24103141 -0.16201004 -0.2722325
5SSey58C0On9lDHtUXSSgu:-0.016820053 -0.21657583 0.06028047 -0.27724043 -0.20067306 -0.15838669 0.1492065 -0.12109922 -0.32918212
5TfIL9BMItna4HdDe4b5Br:-0.008456536 -0.24064282 0.04497959 -0.29261515 -0.23002739 -0.13467010000000001 0.22310916 -0.094532706 -0.31517756
5cIlLDsVPVUGSivIhXUQd5:0.06948079 -0.15036438 -0.021738656000000002 -0.35117459999999995 -0.2028019 -0.27936009999999994 0.2477512 -0.18505624 -0.27271387
5dUxnM1nVh8vgjRDHRlnEl:-0.0072711688 -0.20069642 0.037541684 -0.32420474 -0.16957976 -0.16525836 0.19009395 -0.07626466 -0.2926019
5lMU9JUMFXDigUVwpPJJuD:0.05750016 -0.19552472 0.014283222 -0.29106104 -0.22945799 -0.15804966 0.16319677 -0.108964294 -0.29241368
5mnPSGcmP0twJfPVdkOuM0:0.04006822 -0.23111060000000003 -0.014198903 -0.3399356 -0.19223008 -0.11985434 0.22900349 -0.06917199 -0.26423845
5wlSnVvqmj1XTnt8OjaiXu:0.086708836 -0.18996963 0.032580607000000004 -0.33637995 -0.20361091 -0.17809688 0.16136609 -0.12832557 -0.29687566
61KQor1OiLTYaSgCdYpwvb:0.05463667 -0.22174378 0.018981999 -0.2508835 -0.23887729999999996 -0.14858769 0.20284072 -0.11505285 -0.30799833
61Z4t33cVkCy9u7wHbozzO:0.04254411 -0.19269398 0.032248373999999996 -0.31272557 -0.17429692 -0.18200445 0.14976923 -0.14722143 -0.2624608
695WOFYjPvBF8bZW9pCzJ3:0.029604182000000003 -0.244524 0.021773077999999998 -0.31431615 -0.21371500000000002 -0.14463161 0.18568893 -0.10823101 -0.33499417
6ALQqA37HS4OIkOOGhqSKH:0.027177906 -0.18192497 0.014918213 -0.2548222 -0.15322694 -0.19915119 0.21276492 -0.12039330599999999 -0.24876663
6ApZD1vvA7OOUk9Xs1fkgr:0.078922726 -0.1679451 -0.02056422 -0.3262679 -0.23257592 -0.22521466 0.22913317 -0.10396832 -0.29708788
6E9BzYd299g4hfAENQmEC7:0.06431699 -0.17995684 0.03677142 -0.28430265 -0.25779164 -0.13382292 0.1819647 -0.10338662 -0.3030914
6F1W5r5ES4Sbs4X0mUTnY6:0.08496374 -0.19356827 0.03174832 -0.33083957 -0.20150281 -0.17299135 0.19423835 -0.117951505 -0.2867535
6FrGMRJ4O15Q5FTrhPuXN2:0.043624662 -0.25816664 -0.021800376 -0.3196624 -0.21984458 -0.12781347 0.184875 -0.13781393 -0.3006818
6FuT2SBsfhxFKVpJsKl1Le:0.07173345 -0.24597703 -0.018435023999999998 -0.3352845 -0.21883243 -0.13225335 0.23287614 -0.07679733 -0.25752327
6L0wUOXHQPT8QakLO1wUG0:0.0009695183 -0.19867763 0.018495058999999998 -0.29985133 -0.1511671 -0.13747758 0.18764828 -0.12790383 -0.26544732
6MVG7rGjVgQRfKlA8bZE16:0.007413401 -0.24018009999999998 0.041258946 -0.29133126 -0.21389255 -0.17956032 0.21456473 -0.062303342000000005 -0.30437994
6P3ECEekhcn0nBCmlBunoO:0.022157872000000002 -0.22567391 -0.002952135 -0.27874479999999996 -0.18980870000000002 -0.12574716 0.2078821 -0.12103362 -0.25434554
6WPCGTsveR7XLn1kgG2xjM:0.019827673 -0.22779610000000003 0.033283323 -0.28811795 -0.1990668 -0.17005819 0.21954533 -0.0966533 -0.31306806
6XmOyhSg0cM62RycKuPJCr:0.046873927 -0.20894989999999997 0.032594375 -0.34637913 -0.16987461 -0.17044845 0.15293352 -0.081899785 -0.33972368
6kKJ5zJjdsAMPzTZeZ8M7H:-0.015520207 -0.21805888 0.038435582 -0.28568286 -0.18554303 -0.14407260000000002 0.18938132 -0.09128477 -0.3490183
6oXyOzIZvgO3z7qU89Tlzn:0.040068257999999995 -0.20719892 0.046687864 -0.3278031 -0.17090129999999998 -0.13620729999999998 0.21731795 -0.151599 -0.31430173
6s83I1pb80iQ0sUlNiUyjl:-0.02593839 -0.26146433 0.020228658 -0.32233706 -0.20449620000000002 -0.17592771 0.19735885 -0.07684304 -0.28852198
6vD7Ir8gkYSnTo0NZOdP57:0.026162384 -0.2458235 0.047216944000000004 -0.33159286 -0.22463974 -0.17089343 0.19901454 -0.10773314 -0.25051528
6y5INCsGB3SFeuJQO0cigu:0.0113198375 -0.16770236 -0.039116748 -0.29510984 -0.2511506 -0.11485050599999999 0.18677884 -0.16945174 -0.33799179999999995
74qRQ2n7gullbiNyI3cIfY:0.07507455 -0.17731702 0.027244741 -0.34124592 -0.25282642 -0.17738955 0.17853470000000002 -0.07468725 -0.26508945
75u6laFobhJwS7dQp90E4N:0.07318455 -0.2051955 0.019355275 -0.35802543 -0.21681327 -0.16933693 0.19873254 -0.062188055 -0.28432044
77pHV8oUC9HdkvjCsVFgp2:0.05127469999999999 -0.21918698 0.021542015 -0.30353937 -0.24389318 -0.19691087 0.14272809 -0.109316334 -0.2646342
781fmtBUa8INlaYMcVnYyx:0.020757400000000002 -0.19019076 0.042180385 -0.25725296 -0.22791162 -0.17359012 0.20082687 -0.0641964 -0.31654570000000004
7BinuqowXzqQO2fEsYK5yN:0.068221636 -0.17515913 0.039836317 -0.31791967 -0.19360548 -0.14331408 0.2067856 -0.05726489 -0.32592982
7Br71QM5xKvEOaIq7N3k87:0.011985823999999999 -0.19187602 0.014879217 -0.25640985 -0.23419772 -0.13406307 0.18800889 -0.07901656 -0.2725817
7EvoHLp2AHPfDl3USbimr8:0.013174658 -0.19299482 0.00820299 -0.2933197 -0.16612615 -0.1479801 0.12400794 -0.11472386 -0.31585655
7I91Kvw1MuTKpiw4XK64vg:0.064781025 -0.23842749 -0.025886193 -0.3280833 -0.15236066 -0.15853149 0.19907550000000002 -0.10003718 -0.28314906
7IjGLiUPXv5ZyPvxxnUgcM:0.06948834 -0.1882151 -0.04246891 -0.3407685 -0.23375385 -0.21056218 0.22134724 -0.11265844 -0.26624826
7dYDzj31OoQYqp3VgVGgHG:0.03558133 -0.20485428 0.0035997326000000002 -0.27749497 -0.23303385 -0.09364643 0.19521636 -0.1282883 -0.26644829999999997
7i2NtB54G2i5RKdipDfsuZ:0.055754654 -0.25032732 -0.0427543 -0.38164893 -0.19060697 -0.17962258 0.22826439 -0.1683183 -0.306674
7k9loXI7wmkFOL3xt75gFU:0.047830217 -0.22880171 0.03412965 -0.32459846 -0.21761528 -0.14859995 0.15077773 -0.13629107 -0.32560462
7l4S1m4dsa9TVCQWQOThg6:0.027174931 -0.22079581 -0.004857844 -0.30346516 -0.17328863 -0.22084719 0.2790647 -0.09520577 -0.34429455
7nimEd5Zdn5bI5TMzfzKcU:0.05376339 -0.22152054 0.015302702 -0.32104309999999997 -0.1991518 -0.13915344 0.19923918 -0.10876237 -0.2887632
7sMBLMfzn2qjGKvQ6VbqX4:0.017316535 -0.20796911 0.06095465 -0.28913775 -0.20837612 -0.12017247 0.25328562 -0.110013165 -0.30071053
7tipvApnynUCeUHaxrjoWJ:0.06927787 -0.2079281 0.039396144 -0.28974253 -0.24984257 -0.18243043 0.1591348 -0.12029755 -0.2829243
